<?xml version="1.0" encoding="utf-8"?>
<COLLADA xmlns="http://www.collada.org/2005/11/COLLADASchema" version="1.4.1">
  <asset><contributor><author>Mixamo</author><authoring_tool>COLLADA Mixamo exporter</authoring_tool><comments></comments></contributor><created>2016-04-09T17:18:54Z</created><modified>2016-04-09T17:18:54Z</modified><revision></revision><title></title><unit meter="0.010000"/><up_axis>Y_UP</up_axis></asset>
  <library_animations>
    <animation id="mixamorig_Hips-anim" name="mixamorig_Hips"><source id="mixamorig_Hips-Matrix-animation-input"><float_array id="mixamorig_Hips-Matrix-animation-input-array" count="264">

0.000000 0.033333 0.066667 0.100000 0.133333 0.166667 0.200000 0.233333 0.266667 0.300000 0.333333 0.366667 0.400000 0.433333 0.466667 0.500000
0.533333 0.566667 0.600000 0.633333 0.666667 0.700000 0.733333 0.766667 0.800000 0.833333 0.866667 0.900000 0.933333 0.966667 1.000000 1.033333
1.066667 1.100000 1.133333 1.166667 1.200000 1.233333 1.266667 1.300000 1.333333 1.366667 1.400000 1.433333 1.466667 1.500000 1.533333 1.566667
1.600000 1.633333 1.666667 1.700000 1.733333 1.766667 1.800000 1.833333 1.866667 1.900000 1.933333 1.966667 2.000000 2.033333 2.066667 2.100000
2.133333 2.166667 2.200000 2.233333 2.266667 2.300000 2.333333 2.366667 2.400000 2.433333 2.466667 2.500000 2.533333 2.566667 2.600000 2.633333
2.666667 2.700000 2.733333 2.766667 2.800000 2.833333 2.866667 2.900000 2.933333 2.966667 3.000000 3.033333 3.066667 3.100000 3.133333 3.166667
3.200000 3.233333 3.266667 3.300000 3.333333 3.366667 3.400000 3.433333 3.466667 3.500000 3.533333 3.566667 3.600000 3.633333 3.666667 3.700000
3.733333 3.766667 3.800000 3.833333 3.866667 3.900000 3.933333 3.966667 4.000000 4.033333 4.066667 4.100000 4.133333 4.166667 4.200000 4.233333
4.266667 4.300000 4.333333 4.366667 4.400000 4.433333 4.466667 4.500000 4.533333 4.566667 4.600000 4.633333 4.666667 4.700000 4.733333 4.766667
4.800000 4.833333 4.866667 4.900000 4.933333 4.966667 5.000000 5.033333 5.066667 5.100000 5.133333 5.166667 5.200000 5.233333 5.266667 5.300000
5.333333 5.366667 5.400000 5.433333 5.466667 5.500000 5.533333 5.566667 5.600000 5.633333 5.666667 5.700000 5.733333 5.766667 5.800000 5.833333
5.866667 5.900000 5.933333 5.966667 6.000000 6.033333 6.066667 6.100000 6.133333 6.166667 6.200000 6.233333 6.266667 6.300000 6.333333 6.366667
6.400000 6.433333 6.466667 6.500000 6.533333 6.566667 6.600000 6.633333 6.666667 6.700000 6.733333 6.766667 6.800000 6.833333 6.866667 6.900000
6.933333 6.966667 7.000000 7.033333 7.066667 7.100000 7.133333 7.166667 7.200000 7.233333 7.266667 7.300000 7.333333 7.366667 7.400000 7.433333
7.466667 7.500000 7.533333 7.566667 7.600000 7.633333 7.666667 7.700000 7.733333 7.766667 7.800000 7.833333 7.866667 7.900000 7.933333 7.966667
8.000000 8.033333 8.066667 8.100000 8.133333 8.166667 8.200000 8.233333 8.266667 8.300000 8.333333 8.366667 8.400000 8.433333 8.466667 8.500000
8.533333 8.566667 8.600000 8.633333 8.666667 8.700000 8.733333 8.766667</float_array><technique_common><accessor source="#mixamorig_Hips-Matrix-animation-input-array" count="264"><param name="TIME" type="float"/></accessor></technique_common></source><source id="mixamorig_Hips-Matrix-animation-output-transform"><float_array id="mixamorig_Hips-Matrix-animation-output-transform-array" count="4224">

0.989605 0.095489 -0.107536 -1.166440 -0.089412 0.994186 0.059991 99.214775 0.112639 -0.049752 0.992390 1.596413 0.000000 0.000000 0.000000 1.000000
0.989672 0.095335 -0.107055 -1.164773 -0.089322 0.994216 0.059635 99.218292 0.112121 -0.049457 0.992463 1.616644 0.000000 0.000000 0.000000 1.000000
0.989738 0.095129 -0.106624 -1.163013 -0.089172 0.994248 0.059316 99.222466 0.111653 -0.049200 0.992529 1.639349 0.000000 0.000000 0.000000 1.000000
0.989801 0.094870 -0.106271 -1.160803 -0.088959 0.994283 0.059053 99.227249 0.111266 -0.048997 0.992582 1.664788 0.000000 0.000000 0.000000 1.000000
0.989858 0.094540 -0.106035 -1.157998 -0.088660 0.994321 0.058870 99.232849 0.110998 -0.048872 0.992618 1.693089 0.000000 0.000000 0.000000 1.000000
0.989909 0.094121 -0.105933 -1.154724 -0.088255 0.994362 0.058780 99.239716 0.110868 -0.048838 0.992634 1.723566 0.000000 0.000000 0.000000 1.000000
0.989953 0.093636 -0.105948 -1.151244 -0.087767 0.994406 0.058773 99.247742 0.110858 -0.048884 0.992633 1.755197 0.000000 0.000000 0.000000 1.000000
0.989989 0.093089 -0.106099 -1.147355 -0.087201 0.994451 0.058857 99.256622 0.110990 -0.049015 0.992612 1.788740 0.000000 0.000000 0.000000 1.000000
0.990007 0.092361 -0.106561 -1.142348 -0.086415 0.994502 0.059143 99.267616 0.111438 -0.049343 0.992546 1.828324 0.000000 0.000000 0.000000 1.000000
0.989998 0.091247 -0.107605 -1.134694 -0.085165 0.994569 0.059826 99.282600 0.112480 -0.050063 0.992392 1.877248 0.000000 0.000000 0.000000 1.000000
0.989952 0.089697 -0.109318 -1.123009 -0.083388 0.994649 0.060988 99.301285 0.114204 -0.051259 0.992134 1.931186 0.000000 0.000000 0.000000 1.000000
0.989872 0.087918 -0.111465 -1.107552 -0.081314 0.994728 0.062485 99.320641 0.116371 -0.052789 0.991802 1.981001 0.000000 0.000000 0.000000 1.000000
0.989773 0.086187 -0.113668 -1.089894 -0.079268 0.994793 0.064055 99.336624 0.118596 -0.054390 0.991452 2.022499 0.000000 0.000000 0.000000 1.000000
0.989687 0.084648 -0.115558 -1.071771 -0.077441 0.994843 0.065495 99.347054 0.120506 -0.055871 0.991139 2.058045 0.000000 0.000000 0.000000 1.000000
0.989650 0.083255 -0.116883 -1.054628 -0.075812 0.994886 0.066748 99.353218 0.121843 -0.057196 0.990900 2.091210 0.000000 0.000000 0.000000 1.000000
0.989680 0.081803 -0.117651 -1.039430 -0.074175 0.994937 0.067814 99.359932 0.122603 -0.058388 0.990737 2.123964 0.000000 0.000000 0.000000 1.000000
0.989764 0.080071 -0.118139 -1.026080 -0.072305 0.995019 0.068630 99.371880 0.123046 -0.059385 0.990623 2.158490 0.000000 0.000000 0.000000 1.000000
0.989871 0.078007 -0.118620 -1.014090 -0.070137 0.995138 0.069141 99.389229 0.123436 -0.060121 0.990530 2.197927 0.000000 0.000000 0.000000 1.000000
0.989992 0.075755 -0.119066 -1.003886 -0.067808 0.995279 0.069441 99.407959 0.123765 -0.060672 0.990455 2.243343 0.000000 0.000000 0.000000 1.000000
0.990143 0.073502 -0.119222 -0.997481 -0.065502 0.995416 0.069690 99.424164 0.123797 -0.061194 0.990419 2.291919 0.000000 0.000000 0.000000 1.000000
0.990335 0.071330 -0.118951 -0.997538 -0.063308 0.995542 0.069916 99.438538 0.123408 -0.061710 0.990435 2.340352 0.000000 0.000000 0.000000 1.000000
0.990544 0.069230 -0.118449 -1.005230 -0.061209 0.995663 0.070063 99.454643 0.122786 -0.062150 0.990485 2.389331 0.000000 0.000000 0.000000 1.000000
0.990723 0.067203 -0.118116 -1.019274 -0.059176 0.995776 0.070206 99.475471 0.122335 -0.062565 0.990515 2.442930 0.000000 0.000000 0.000000 1.000000
0.990831 0.065272 -0.118296 -1.037243 -0.057183 0.995869 0.070529 99.500656 0.122411 -0.063118 0.990471 2.504393 0.000000 0.000000 0.000000 1.000000
0.990855 0.063401 -0.119108 -1.057692 -0.055185 0.995944 0.071058 99.529015 0.123130 -0.063835 0.990335 2.573955 0.000000 0.000000 0.000000 1.000000
0.990816 0.061483 -0.120431 -1.081221 -0.053110 0.996023 0.071540 99.559639 0.124350 -0.064487 0.990141 2.649783 0.000000 0.000000 0.000000 1.000000
0.990745 0.059485 -0.122007 -1.109356 -0.050983 0.996125 0.071664 99.590546 0.125797 -0.064781 0.989939 2.729785 0.000000 0.000000 0.000000 1.000000
0.990671 0.057507 -0.123546 -1.142935 -0.048937 0.996252 0.071319 99.617950 0.127184 -0.064607 0.989773 2.811387 0.000000 0.000000 0.000000 1.000000
0.990615 0.055770 -0.124787 -1.181935 -0.047191 0.996382 0.070682 99.637924 0.128278 -0.064130 0.989663 2.890683 0.000000 0.000000 0.000000 1.000000
0.990582 0.054512 -0.125600 -1.226040 -0.045950 0.996482 0.070086 99.649025 0.128978 -0.063654 0.989602 2.963804 0.000000 0.000000 0.000000 1.000000
0.990555 0.053881 -0.126087 -1.274891 -0.045318 0.996529 0.069824 99.653267 0.129412 -0.063450 0.989559 3.028642 0.000000 0.000000 0.000000 1.000000
0.990499 0.053793 -0.126559 -1.326790 -0.045176 0.996523 0.070004 99.654633 0.129884 -0.063622 0.989486 3.084779 0.000000 0.000000 0.000000 1.000000
0.990394 0.053916 -0.127331 -1.378347 -0.045183 0.996487 0.070508 99.656982 0.130685 -0.064078 0.989351 3.133381 0.000000 0.000000 0.000000 1.000000
0.990237 0.053863 -0.128565 -1.426217 -0.044972 0.996456 0.071087 99.662621 0.131939 -0.064611 0.989150 3.177941 0.000000 0.000000 0.000000 1.000000
0.990036 0.053451 -0.130278 -1.469810 -0.044383 0.996450 0.071543 99.673004 0.133640 -0.065048 0.988893 3.223432 0.000000 0.000000 0.000000 1.000000
0.989790 0.052776 -0.132400 -1.509975 -0.043521 0.996466 0.071847 99.687531 0.135724 -0.065351 0.988589 3.273560 0.000000 0.000000 0.000000 1.000000
0.989509 0.052041 -0.134771 -1.546843 -0.042586 0.996487 0.072113 99.704041 0.138051 -0.065618 0.988249 3.327524 0.000000 0.000000 0.000000 1.000000
0.989218 0.051385 -0.137139 -1.579606 -0.041710 0.996495 0.072515 99.719986 0.140385 -0.066013 0.987894 3.380275 0.000000 0.000000 0.000000 1.000000
0.988947 0.050854 -0.139273 -1.607983 -0.040937 0.996479 0.073166 99.734421 0.142503 -0.066656 0.987547 3.425411 0.000000 0.000000 0.000000 1.000000
0.988704 0.050490 -0.141122 -1.632655 -0.040317 0.996440 0.074040 99.748329 0.144358 -0.067514 0.987220 3.458224 0.000000 0.000000 0.000000 1.000000
0.988465 0.050396 -0.142816 -1.653479 -0.039967 0.996384 0.074975 99.761719 0.146078 -0.068402 0.986905 3.477334 0.000000 0.000000 0.000000 1.000000
0.988211 0.050711 -0.144459 -1.668402 -0.040049 0.996320 0.075785 99.770866 0.147770 -0.069106 0.986604 3.484292 0.000000 0.000000 0.000000 1.000000
0.987952 0.051553 -0.145922 -1.674192 -0.040703 0.996247 0.076390 99.770714 0.149313 -0.069530 0.986342 3.480742 0.000000 0.000000 0.000000 1.000000
0.987724 0.053003 -0.146943 -1.669805 -0.042028 0.996159 0.076815 99.761032 0.150450 -0.069697 0.986158 3.464913 0.000000 0.000000 0.000000 1.000000
0.987526 0.055081 -0.147506 -1.657683 -0.044046 0.996053 0.077059 99.747826 0.151169 -0.069601 0.986055 3.431947 0.000000 0.000000 0.000000 1.000000
0.987295 0.057738 -0.148034 -1.640738 -0.046698 0.995937 0.076999 99.734772 0.151878 -0.069108 0.985980 3.378929 0.000000 0.000000 0.000000 1.000000
0.986968 0.060860 -0.148965 -1.617554 -0.049858 0.995821 0.076511 99.716606 0.152999 -0.068086 0.985878 3.308212 0.000000 0.000000 0.000000 1.000000
0.986586 0.064261 -0.150060 -1.583968 -0.053351 0.995708 0.075630 99.683830 0.154276 -0.066610 0.985780 3.224385 0.000000 0.000000 0.000000 1.000000
0.986319 0.067630 -0.150334 -1.540411 -0.056917 0.995598 0.074466 99.637024 0.154708 -0.064891 0.985827 3.130526 0.000000 0.000000 0.000000 1.000000
0.986319 0.070578 -0.148973 -1.493528 -0.060204 0.995510 0.073042 99.588844 0.153460 -0.063074 0.986140 3.030060 0.000000 0.000000 0.000000 1.000000
0.986554 0.072743 -0.146357 -1.450272 -0.062808 0.995468 0.071400 99.556381 0.150888 -0.061247 0.986652 2.927821 0.000000 0.000000 0.000000 1.000000
0.986813 0.074097 -0.143907 -1.409021 -0.064574 0.995472 0.069761 99.546707 0.148425 -0.059549 0.987129 2.830358 0.000000 0.000000 0.000000 1.000000
0.986905 0.074984 -0.142815 -1.361556 -0.065742 0.995491 0.068373 99.553703 0.147297 -0.058088 0.987385 2.745052 0.000000 0.000000 0.000000 1.000000
0.986819 0.075798 -0.142979 -1.302857 -0.066720 0.995502 0.067258 99.565521 0.147434 -0.056832 0.987438 2.678641 0.000000 0.000000 0.000000 1.000000
0.986715 0.076662 -0.143235 -1.236252 -0.067715 0.995497 0.066334 99.573135 0.147675 -0.055754 0.987463 2.632304 0.000000 0.000000 0.000000 1.000000
0.986762 0.077512 -0.142451 -1.169210 -0.068714 0.995472 0.065680 99.573341 0.146897 -0.055022 0.987620 2.597355 0.000000 0.000000 0.000000 1.000000
0.987001 0.078356 -0.140319 -1.107761 -0.069718 0.995417 0.065459 99.567322 0.144805 -0.054825 0.987940 2.559335 0.000000 0.000000 0.000000 1.000000
0.987348 0.079337 -0.137290 -1.054558 -0.070848 0.995324 0.065657 99.556877 0.141857 -0.055099 0.988352 2.508913 0.000000 0.000000 0.000000 1.000000
0.987689 0.080559 -0.134093 -1.009133 -0.072196 0.995197 0.066108 99.543404 0.138775 -0.055613 0.988761 2.447519 0.000000 0.000000 0.000000 1.000000
0.987940 0.081931 -0.131383 -0.968427 -0.073650 0.995051 0.066706 99.527740 0.136198 -0.056226 0.989085 2.382419 0.000000 0.000000 0.000000 1.000000
0.988064 0.083196 -0.129649 -0.929637 -0.074927 0.994908 0.067410 99.512192 0.134597 -0.056891 0.989266 2.318763 0.000000 0.000000 0.000000 1.000000
0.988050 0.084135 -0.129143 -0.892931 -0.075813 0.994796 0.068064 99.499359 0.134197 -0.057460 0.989287 2.258147 0.000000 0.000000 0.000000 1.000000
0.987918 0.084760 -0.129741 -0.860408 -0.076359 0.994730 0.068423 99.491501 0.134857 -0.057689 0.989184 2.201665 0.000000 0.000000 0.000000 1.000000
0.987716 0.085313 -0.130914 -0.831909 -0.076852 0.994695 0.068383 99.487282 0.136053 -0.057482 0.989033 2.151366 0.000000 0.000000 0.000000 1.000000
0.987509 0.086007 -0.132015 -0.804395 -0.077526 0.994662 0.068094 99.484749 0.137167 -0.057008 0.988906 2.107470 0.000000 0.000000 0.000000 1.000000
0.987347 0.086812 -0.132701 -0.775126 -0.078331 0.994616 0.067852 99.482552 0.137877 -0.056599 0.988831 2.065697 0.000000 0.000000 0.000000 1.000000
0.987239 0.087533 -0.133029 -0.744558 -0.079035 0.994558 0.067888 99.479851 0.138248 -0.056508 0.988784 2.019096 0.000000 0.000000 0.000000 1.000000
0.987170 0.088100 -0.133170 -0.715068 -0.079555 0.994496 0.068188 99.475250 0.138444 -0.056719 0.988745 1.963949 0.000000 0.000000 0.000000 1.000000
0.987119 0.088649 -0.133182 -0.688088 -0.080061 0.994432 0.068520 99.468002 0.138515 -0.056975 0.988720 1.903103 0.000000 0.000000 0.000000 1.000000
0.987073 0.089315 -0.133080 -0.662662 -0.080713 0.994367 0.068696 99.459732 0.138466 -0.057067 0.988722 1.843159 0.000000 0.000000 0.000000 1.000000
0.987022 0.090022 -0.132982 -0.636552 -0.081418 0.994303 0.068791 99.454407 0.138417 -0.057071 0.988728 1.789539 0.000000 0.000000 0.000000 1.000000
0.986962 0.090534 -0.133075 -0.608320 -0.081896 0.994248 0.069018 99.454948 0.138558 -0.057220 0.988700 1.744920 0.000000 0.000000 0.000000 1.000000
0.986897 0.090690 -0.133453 -0.578928 -0.081974 0.994213 0.069425 99.460808 0.138977 -0.057576 0.988620 1.710328 0.000000 0.000000 0.000000 1.000000
0.986836 0.090573 -0.133984 -0.550776 -0.081770 0.994203 0.069819 99.468559 0.139531 -0.057944 0.988521 1.685777 0.000000 0.000000 0.000000 1.000000
0.986798 0.090435 -0.134354 -0.525802 -0.081583 0.994205 0.070006 99.475090 0.139907 -0.058121 0.988457 1.670414 0.000000 0.000000 0.000000 1.000000
0.986807 0.090464 -0.134272 -0.504139 -0.081616 0.994202 0.070012 99.479080 0.139827 -0.058130 0.988468 1.663097 0.000000 0.000000 0.000000 1.000000
0.986865 0.090647 -0.133717 -0.484632 -0.081825 0.994181 0.070066 99.480476 0.139290 -0.058204 0.988540 1.661831 0.000000 0.000000 0.000000 1.000000
0.986942 0.090874 -0.132991 -0.466300 -0.082045 0.994137 0.070433 99.479324 0.138612 -0.058602 0.988611 1.662158 0.000000 0.000000 0.000000 1.000000
0.986985 0.091111 -0.132509 -0.449511 -0.082202 0.994067 0.071230 99.475479 0.138212 -0.059410 0.988619 1.658031 0.000000 0.000000 0.000000 1.000000
0.986964 0.091399 -0.132468 -0.436046 -0.082345 0.993978 0.072298 99.470490 0.138278 -0.060448 0.988547 1.645609 0.000000 0.000000 0.000000 1.000000
0.986899 0.091739 -0.132721 -0.427264 -0.082537 0.993891 0.073263 99.465332 0.138631 -0.061349 0.988442 1.626216 0.000000 0.000000 0.000000 1.000000
0.986840 0.092058 -0.132938 -0.423002 -0.082776 0.993836 0.073750 99.460289 0.138908 -0.061775 0.988377 1.604690 0.000000 0.000000 0.000000 1.000000
0.986819 0.092262 -0.132954 -0.422451 -0.082999 0.993827 0.073617 99.455078 0.138925 -0.061612 0.988384 1.585506 0.000000 0.000000 0.000000 1.000000
0.986817 0.092302 -0.132935 -0.425062 -0.083121 0.993859 0.073039 99.450256 0.138860 -0.061027 0.988430 1.570614 0.000000 0.000000 0.000000 1.000000
0.986798 0.092189 -0.133158 -0.430489 -0.083086 0.993910 0.072381 99.447762 0.139020 -0.060362 0.988448 1.559695 0.000000 0.000000 0.000000 1.000000
0.986753 0.092010 -0.133614 -0.437363 -0.082942 0.993955 0.071928 99.448822 0.139424 -0.059893 0.988420 1.550992 0.000000 0.000000 0.000000 1.000000
0.986719 0.091922 -0.133923 -0.443555 -0.082869 0.993979 0.071684 99.452080 0.139706 -0.059634 0.988396 1.542049 0.000000 0.000000 0.000000 1.000000
0.986733 0.092068 -0.133718 -0.447351 -0.083063 0.993980 0.071440 99.453369 0.139491 -0.059385 0.988441 1.530993 0.000000 0.000000 0.000000 1.000000
0.986789 0.092462 -0.133035 -0.448763 -0.083557 0.993967 0.071047 99.448624 0.138802 -0.058992 0.988562 1.518048 0.000000 0.000000 0.000000 1.000000
0.986850 0.092934 -0.132249 -0.449447 -0.084144 0.993951 0.070582 99.437546 0.138008 -0.058526 0.988700 1.505502 0.000000 0.000000 0.000000 1.000000
0.986896 0.093255 -0.131682 -0.451117 -0.084548 0.993940 0.070242 99.423782 0.137435 -0.058188 0.988800 1.495720 0.000000 0.000000 0.000000 1.000000
0.986924 0.093330 -0.131418 -0.454715 -0.084657 0.993940 0.070113 99.412148 0.137165 -0.058071 0.988845 1.489338 0.000000 0.000000 0.000000 1.000000
0.986934 0.093232 -0.131413 -0.460091 -0.084560 0.993949 0.070107 99.405197 0.137154 -0.058079 0.988846 1.485527 0.000000 0.000000 0.000000 1.000000
0.986926 0.093044 -0.131606 -0.466615 -0.084365 0.993968 0.070069 99.402588 0.137332 -0.058050 0.988823 1.484030 0.000000 0.000000 0.000000 1.000000
0.986919 0.092702 -0.131902 -0.473768 -0.084029 0.994010 0.069875 99.403625 0.137589 -0.057878 0.988797 1.486595 0.000000 0.000000 0.000000 1.000000
0.986938 0.092042 -0.132216 -0.481922 -0.083414 0.994096 0.069389 99.408722 0.137822 -0.057454 0.988789 1.495857 0.000000 0.000000 0.000000 1.000000
0.986981 0.091037 -0.132595 -0.491737 -0.082509 0.994236 0.068465 99.418076 0.138064 -0.056633 0.988803 1.512430 0.000000 0.000000 0.000000 1.000000
0.987007 0.089911 -0.133169 -0.503055 -0.081523 0.994406 0.067164 99.430099 0.138463 -0.055435 0.988815 1.533352 0.000000 0.000000 0.000000 1.000000
0.986991 0.088989 -0.133902 -0.514250 -0.080727 0.994553 0.065930 99.441811 0.139040 -0.054263 0.988799 1.554454 0.000000 0.000000 0.000000 1.000000
0.986964 0.088397 -0.134490 -0.523529 -0.080186 0.994638 0.065304 99.450943 0.139541 -0.053669 0.988761 1.573574 0.000000 0.000000 0.000000 1.000000
0.986993 0.087979 -0.134555 -0.530901 -0.079745 0.994666 0.065421 99.456085 0.139593 -0.053840 0.988744 1.590758 0.000000 0.000000 0.000000 1.000000
0.987114 0.087526 -0.133962 -0.538122 -0.079250 0.994673 0.065921 99.456436 0.139018 -0.054455 0.988791 1.605859 0.000000 0.000000 0.000000 1.000000
0.987296 0.087004 -0.132958 -0.546608 -0.078716 0.994685 0.066376 99.452538 0.138027 -0.055067 0.988897 1.618527 0.000000 0.000000 0.000000 1.000000
0.987462 0.086491 -0.132052 -0.555780 -0.078217 0.994708 0.066617 99.447289 0.137115 -0.055454 0.989002 1.630735 0.000000 0.000000 0.000000 1.000000
0.987556 0.085939 -0.131710 -0.563047 -0.077668 0.994745 0.066706 99.444214 0.136750 -0.055647 0.989041 1.646536 0.000000 0.000000 0.000000 1.000000
0.987580 0.085129 -0.132053 -0.566040 -0.076824 0.994807 0.066765 99.445175 0.137050 -0.055791 0.988992 1.667462 0.000000 0.000000 0.000000 1.000000
0.987582 0.083935 -0.132807 -0.565109 -0.075562 0.994895 0.066889 99.450172 0.137743 -0.056023 0.988882 1.690037 0.000000 0.000000 0.000000 1.000000
0.987595 0.082537 -0.133581 -0.563830 -0.074078 0.994992 0.067107 99.456581 0.138450 -0.056379 0.988763 1.710007 0.000000 0.000000 0.000000 1.000000
0.987622 0.081237 -0.134177 -0.566563 -0.072696 0.995075 0.067382 99.462326 0.138990 -0.056794 0.988664 1.727561 0.000000 0.000000 0.000000 1.000000
0.987649 0.080148 -0.134628 -0.575251 -0.071531 0.995140 0.067677 99.466637 0.139398 -0.057211 0.988582 1.747028 0.000000 0.000000 0.000000 1.000000
0.987672 0.079165 -0.135043 -0.589447 -0.070474 0.995195 0.067974 99.471268 0.139775 -0.057619 0.988505 1.772375 0.000000 0.000000 0.000000 1.000000
0.987688 0.078177 -0.135502 -0.608869 -0.069414 0.995252 0.068234 99.476677 0.140193 -0.057988 0.988425 1.804245 0.000000 0.000000 0.000000 1.000000
0.987688 0.077173 -0.136076 -0.634436 -0.068344 0.995314 0.068403 99.483040 0.140717 -0.058261 0.988334 1.840467 0.000000 0.000000 0.000000 1.000000
0.987663 0.076175 -0.136821 -0.665721 -0.067276 0.995378 0.068537 99.489655 0.141409 -0.058487 0.988222 1.877734 0.000000 0.000000 0.000000 1.000000
0.987621 0.075172 -0.137672 -0.699940 -0.066174 0.995432 0.068816 99.495728 0.142216 -0.058854 0.988084 1.912500 0.000000 0.000000 0.000000 1.000000
0.987599 0.074139 -0.138387 -0.734318 -0.065013 0.995472 0.069346 99.500854 0.142902 -0.059489 0.987947 1.942092 0.000000 0.000000 0.000000 1.000000
0.987638 0.073080 -0.138675 -0.768853 -0.063838 0.995505 0.069967 99.505585 0.143165 -0.060249 0.987863 1.966549 0.000000 0.000000 0.000000 1.000000
0.987749 0.072030 -0.138430 -0.805228 -0.062737 0.995546 0.070366 99.510353 0.142882 -0.060819 0.987869 1.989236 0.000000 0.000000 0.000000 1.000000
0.987906 0.071008 -0.137841 -0.843628 -0.061743 0.995608 0.070375 99.516350 0.142233 -0.061013 0.987951 2.013784 0.000000 0.000000 0.000000 1.000000
0.988058 0.069977 -0.137277 -0.881159 -0.060776 0.995686 0.070112 99.522758 0.141591 -0.060931 0.988048 2.040403 0.000000 0.000000 0.000000 1.000000
0.988167 0.068832 -0.137068 -0.913927 -0.059676 0.995773 0.069827 99.528511 0.141295 -0.060822 0.988097 2.065888 0.000000 0.000000 0.000000 1.000000
0.988218 0.067518 -0.137354 -0.940626 -0.058356 0.995861 0.069677 99.533264 0.141490 -0.060841 0.988068 2.087386 0.000000 0.000000 0.000000 1.000000
0.988207 0.066168 -0.138090 -0.963442 -0.056954 0.995944 0.069648 99.537254 0.142138 -0.060962 0.987968 2.105792 0.000000 0.000000 0.000000 1.000000
0.988131 0.065048 -0.139163 -0.986068 -0.055759 0.996012 0.069644 99.540886 0.143139 -0.061057 0.987817 2.124973 0.000000 0.000000 0.000000 1.000000
0.987987 0.064322 -0.140513 -1.010257 -0.054952 0.996062 0.069576 99.544815 0.144435 -0.061019 0.987631 2.148547 0.000000 0.000000 0.000000 1.000000
0.987782 0.063890 -0.142144 -1.034618 -0.054441 0.996102 0.069403 99.550209 0.146024 -0.060817 0.987410 2.177340 0.000000 0.000000 0.000000 1.000000
0.987533 0.063520 -0.144027 -1.057024 -0.053991 0.996145 0.069136 99.557693 0.147864 -0.060498 0.987156 2.209728 0.000000 0.000000 0.000000 1.000000
0.987273 0.063057 -0.145997 -1.076220 -0.053448 0.996195 0.068833 99.566467 0.149781 -0.060154 0.986888 2.243442 0.000000 0.000000 0.000000 1.000000
0.987045 0.062484 -0.147774 -1.092451 -0.052802 0.996249 0.068557 99.574455 0.151503 -0.059866 0.986642 2.276700 0.000000 0.000000 0.000000 1.000000
0.986885 0.061893 -0.149086 -1.106754 -0.052159 0.996298 0.068339 99.580612 0.152763 -0.059667 0.986460 2.308066 0.000000 0.000000 0.000000 1.000000
0.986806 0.061510 -0.149766 -1.120159 -0.051756 0.996330 0.068181 99.585068 0.153410 -0.059530 0.986368 2.335914 0.000000 0.000000 0.000000 1.000000
0.986790 0.061667 -0.149808 -1.132794 -0.051922 0.996325 0.068121 99.587326 0.153458 -0.059443 0.986366 2.357594 0.000000 0.000000 0.000000 1.000000
0.986801 0.062611 -0.149347 -1.144072 -0.052881 0.996265 0.068256 99.584938 0.153063 -0.059457 0.986426 2.369064 0.000000 0.000000 0.000000 1.000000
0.986812 0.064292 -0.148555 -1.153939 -0.054570 0.996149 0.068621 99.575912 0.152395 -0.059610 0.986520 2.366685 0.000000 0.000000 0.000000 1.000000
0.986834 0.066371 -0.147489 -1.164329 -0.056673 0.996005 0.069010 99.561157 0.151480 -0.059743 0.986653 2.350911 0.000000 0.000000 0.000000 1.000000
0.986896 0.068471 -0.146108 -1.178149 -0.058881 0.995878 0.068987 99.543343 0.150229 -0.059480 0.986860 2.328555 0.000000 0.000000 0.000000 1.000000
0.986997 0.070500 -0.144449 -1.196754 -0.061146 0.995795 0.068214 99.522148 0.148651 -0.058495 0.987158 2.310342 0.000000 0.000000 0.000000 1.000000
0.987090 0.072646 -0.142743 -1.218533 -0.063619 0.995735 0.066818 99.495644 0.146988 -0.056874 0.987502 2.303039 0.000000 0.000000 0.000000 1.000000
0.987128 0.075051 -0.141229 -1.240583 -0.066347 0.995653 0.065367 99.465836 0.145521 -0.055156 0.987817 2.302731 0.000000 0.000000 0.000000 1.000000
0.987120 0.077563 -0.139922 -1.260776 -0.069090 0.995527 0.064433 99.440010 0.144293 -0.053936 0.988064 2.297233 0.000000 0.000000 0.000000 1.000000
0.987119 0.079844 -0.138639 -1.278162 -0.071501 0.995375 0.064157 99.423615 0.143121 -0.053418 0.988263 2.277499 0.000000 0.000000 0.000000 1.000000
0.987160 0.081707 -0.137256 -1.290822 -0.073441 0.995228 0.064252 99.413673 0.141850 -0.053346 0.988450 2.246465 0.000000 0.000000 0.000000 1.000000
0.987230 0.083213 -0.135841 -1.296389 -0.075036 0.995109 0.064254 99.402901 0.140523 -0.053241 0.988645 2.216029 0.000000 0.000000 0.000000 1.000000
0.987294 0.084483 -0.134586 -1.295476 -0.076457 0.995034 0.063736 99.388535 0.139302 -0.052636 0.988850 2.197270 0.000000 0.000000 0.000000 1.000000
0.987329 0.085536 -0.133658 -1.292757 -0.077742 0.995013 0.062491 99.374512 0.138337 -0.051308 0.989055 2.194705 0.000000 0.000000 0.000000 1.000000
0.987331 0.086341 -0.133129 -1.293196 -0.078821 0.995035 0.060767 99.365234 0.137715 -0.049504 0.989234 2.206555 0.000000 0.000000 0.000000 1.000000
0.987294 0.086983 -0.132983 -1.297791 -0.079700 0.995062 0.059157 99.359680 0.137472 -0.047806 0.989351 2.227067 0.000000 0.000000 0.000000 1.000000
0.987210 0.087682 -0.133146 -1.305071 -0.080539 0.995055 0.058128 99.353737 0.137585 -0.046661 0.989390 2.248333 0.000000 0.000000 0.000000 1.000000
0.987076 0.088617 -0.133524 -1.314161 -0.081518 0.994998 0.057734 99.345070 0.137972 -0.046103 0.989363 2.262679 0.000000 0.000000 0.000000 1.000000
0.986899 0.089770 -0.134055 -1.325318 -0.082648 0.994902 0.057788 99.335342 0.138559 -0.045951 0.989288 2.266378 0.000000 0.000000 0.000000 1.000000
0.986700 0.090944 -0.134730 -1.337661 -0.083749 0.994789 0.058152 99.327583 0.139316 -0.046095 0.989175 2.261467 0.000000 0.000000 0.000000 1.000000
0.986498 0.091942 -0.135527 -1.348876 -0.084629 0.994677 0.058784 99.323402 0.140210 -0.046521 0.989028 2.253070 0.000000 0.000000 0.000000 1.000000
0.986314 0.092723 -0.136334 -1.357608 -0.085257 0.994573 0.059631 99.322693 0.141123 -0.047192 0.988867 2.244099 0.000000 0.000000 0.000000 1.000000
0.986167 0.093389 -0.136945 -1.364024 -0.085762 0.994472 0.060592 99.323669 0.141846 -0.048009 0.988724 2.233544 0.000000 0.000000 0.000000 1.000000
0.986076 0.094037 -0.137153 -1.368795 -0.086268 0.994370 0.061538 99.324577 0.142168 -0.048849 0.988636 2.218733 0.000000 0.000000 0.000000 1.000000
0.986056 0.094661 -0.136871 -1.371789 -0.086796 0.994274 0.062342 99.324707 0.141988 -0.049593 0.988625 2.198293 0.000000 0.000000 0.000000 1.000000
0.986102 0.095194 -0.136168 -1.372242 -0.087286 0.994194 0.062926 99.324242 0.141368 -0.050165 0.988685 2.172749 0.000000 0.000000 0.000000 1.000000
0.986190 0.095615 -0.135229 -1.368874 -0.087694 0.994129 0.063380 99.323204 0.140495 -0.050646 0.988785 2.143135 0.000000 0.000000 0.000000 1.000000
0.986288 0.095984 -0.134246 -1.359749 -0.088035 0.994062 0.063959 99.320923 0.139588 -0.051263 0.988882 2.109802 0.000000 0.000000 0.000000 1.000000
0.986373 0.096380 -0.133336 -1.342803 -0.088365 0.993979 0.064787 99.317207 0.138778 -0.052122 0.988951 2.072594 0.000000 0.000000 0.000000 1.000000
0.986442 0.096800 -0.132520 -1.317951 -0.088719 0.993894 0.065598 99.313477 0.138061 -0.052952 0.989007 2.032152 0.000000 0.000000 0.000000 1.000000
0.986506 0.097145 -0.131789 -1.287794 -0.089058 0.993841 0.065944 99.311844 0.137383 -0.053317 0.989082 1.990845 0.000000 0.000000 0.000000 1.000000
0.986572 0.097312 -0.131173 -1.255773 -0.089291 0.993836 0.065711 99.313721 0.136758 -0.053116 0.989179 1.951870 0.000000 0.000000 0.000000 1.000000
0.986630 0.097310 -0.130734 -1.224031 -0.089379 0.993859 0.065231 99.317757 0.136279 -0.052674 0.989269 1.917476 0.000000 0.000000 0.000000 1.000000
0.986666 0.097253 -0.130508 -1.193584 -0.089386 0.993883 0.064858 99.320374 0.136017 -0.052328 0.989324 1.887644 0.000000 0.000000 0.000000 1.000000
0.986679 0.097249 -0.130413 -1.165537 -0.089412 0.993893 0.064672 99.319542 0.135906 -0.052150 0.989348 1.860297 0.000000 0.000000 0.000000 1.000000
0.986694 0.097319 -0.130244 -1.140762 -0.089494 0.993887 0.064654 99.316292 0.135740 -0.052137 0.989372 1.832461 0.000000 0.000000 0.000000 1.000000
0.986743 0.097415 -0.129800 -1.120044 -0.089584 0.993864 0.064870 99.312897 0.135323 -0.052382 0.989416 1.801934 0.000000 0.000000 0.000000 1.000000
0.986831 0.097506 -0.129062 -1.103526 -0.089649 0.993827 0.065357 99.310028 0.134638 -0.052926 0.989480 1.769248 0.000000 0.000000 0.000000 1.000000
0.986928 0.097613 -0.128238 -1.090688 -0.089719 0.993780 0.065963 99.306709 0.133879 -0.053595 0.989547 1.737627 0.000000 0.000000 0.000000 1.000000
0.986993 0.097774 -0.127617 -1.080719 -0.089851 0.993737 0.066442 99.302391 0.133314 -0.054111 0.989596 1.710642 0.000000 0.000000 0.000000 1.000000
0.987004 0.097985 -0.127369 -1.072996 -0.090047 0.993704 0.066667 99.298027 0.133099 -0.054331 0.989612 1.689474 0.000000 0.000000 0.000000 1.000000
0.986968 0.098200 -0.127477 -1.066834 -0.090251 0.993682 0.066717 99.294937 0.133223 -0.054342 0.989595 1.672825 0.000000 0.000000 0.000000 1.000000
0.986905 0.098400 -0.127811 -1.060642 -0.090421 0.993660 0.066811 99.293022 0.133575 -0.054379 0.989546 1.658855 0.000000 0.000000 0.000000 1.000000
0.986824 0.098629 -0.128261 -1.052754 -0.090585 0.993624 0.067121 99.291321 0.134063 -0.054618 0.989467 1.646396 0.000000 0.000000 0.000000 1.000000
0.986725 0.098944 -0.128777 -1.043267 -0.090810 0.993573 0.067580 99.288322 0.134636 -0.054989 0.989368 1.634161 0.000000 0.000000 0.000000 1.000000
0.986620 0.099316 -0.129298 -1.033539 -0.091104 0.993519 0.067964 99.283012 0.135210 -0.055275 0.989274 1.619775 0.000000 0.000000 0.000000 1.000000
0.986533 0.099654 -0.129697 -1.023844 -0.091391 0.993477 0.068193 99.276169 0.135647 -0.055421 0.989206 1.600619 0.000000 0.000000 0.000000 1.000000
0.986484 0.099912 -0.129875 -1.013175 -0.091613 0.993444 0.068388 99.269554 0.135857 -0.055565 0.989169 1.576106 0.000000 0.000000 0.000000 1.000000
0.986458 0.100146 -0.129894 -1.000875 -0.091819 0.993410 0.068596 99.264549 0.135908 -0.055740 0.989152 1.548857 0.000000 0.000000 0.000000 1.000000
0.986425 0.100408 -0.129938 -0.987152 -0.092075 0.993384 0.068639 99.261200 0.135970 -0.055743 0.989143 1.522898 0.000000 0.000000 0.000000 1.000000
0.986378 0.100626 -0.130128 -0.971919 -0.092323 0.993381 0.068349 99.258163 0.136145 -0.055404 0.989139 1.500210 0.000000 0.000000 0.000000 1.000000
0.986340 0.100660 -0.130387 -0.954031 -0.092418 0.993409 0.067805 99.254189 0.136353 -0.054829 0.989142 1.479160 0.000000 0.000000 0.000000 1.000000
0.986341 0.100510 -0.130499 -0.932644 -0.092338 0.993454 0.067245 99.248924 0.136404 -0.054277 0.989165 1.456463 0.000000 0.000000 0.000000 1.000000
0.986383 0.100374 -0.130283 -0.907809 -0.092274 0.993490 0.066799 99.241447 0.136140 -0.053868 0.989224 1.430222 0.000000 0.000000 0.000000 1.000000
0.986448 0.100446 -0.129732 -0.879665 -0.092437 0.993505 0.066359 99.231361 0.135555 -0.053468 0.989326 1.400557 0.000000 0.000000 0.000000 1.000000
0.986518 0.100688 -0.129013 -0.848018 -0.092811 0.993514 0.065693 99.220001 0.134790 -0.052833 0.989465 1.368335 0.000000 0.000000 0.000000 1.000000
0.986587 0.100876 -0.128335 -0.812669 -0.093171 0.993546 0.064703 99.208420 0.134033 -0.051878 0.989618 1.334695 0.000000 0.000000 0.000000 1.000000
0.986665 0.100812 -0.127788 -0.773961 -0.093286 0.993607 0.063582 99.199554 0.133381 -0.050813 0.989761 1.301394 0.000000 0.000000 0.000000 1.000000
0.986765 0.100420 -0.127322 -0.732523 -0.093044 0.993690 0.062627 99.195854 0.132808 -0.049952 0.989882 1.271081 0.000000 0.000000 0.000000 1.000000
0.986900 0.099676 -0.126859 -0.689066 -0.092412 0.993793 0.061923 99.198097 0.132244 -0.049389 0.989986 1.246104 0.000000 0.000000 0.000000 1.000000
0.987066 0.098607 -0.126404 -0.644548 -0.091438 0.993921 0.061328 99.204735 0.131683 -0.048976 0.990081 1.226778 0.000000 0.000000 0.000000 1.000000
0.987236 0.097424 -0.125995 -0.599153 -0.090339 0.994054 0.060784 99.211411 0.131167 -0.048626 0.990167 1.211534 0.000000 0.000000 0.000000 1.000000
0.987384 0.096441 -0.125589 -0.553560 -0.089410 0.994157 0.060475 99.214859 0.130688 -0.048483 0.990237 1.197960 0.000000 0.000000 0.000000 1.000000
0.987510 0.095800 -0.125088 -0.509566 -0.088771 0.994206 0.060623 99.214615 0.130171 -0.048761 0.990292 1.184668 0.000000 0.000000 0.000000 1.000000
0.987638 0.095312 -0.124448 -0.469709 -0.088230 0.994216 0.061243 99.213310 0.129565 -0.049506 0.990334 1.170932 0.000000 0.000000 0.000000 1.000000
0.987789 0.094671 -0.123732 -0.434561 -0.087499 0.994222 0.062180 99.214592 0.128904 -0.050594 0.990366 1.155849 0.000000 0.000000 0.000000 1.000000
0.987962 0.093785 -0.123028 -0.401603 -0.086502 0.994241 0.063270 99.219185 0.128254 -0.051866 0.990384 1.138906 0.000000 0.000000 0.000000 1.000000
0.988134 0.092788 -0.122397 -0.368041 -0.085388 0.994265 0.064390 99.226074 0.127670 -0.053175 0.990390 1.121163 0.000000 0.000000 0.000000 1.000000
0.988289 0.091797 -0.121890 -0.333568 -0.084290 0.994293 0.065393 99.232483 0.127197 -0.054353 0.990387 1.105498 0.000000 0.000000 0.000000 1.000000
0.988429 0.090781 -0.121522 -0.299369 -0.083188 0.994334 0.066176 99.236893 0.126841 -0.055301 0.990380 1.094492 0.000000 0.000000 0.000000 1.000000
0.988569 0.089673 -0.121202 -0.265896 -0.082011 0.994390 0.066803 99.240150 0.126512 -0.056099 0.990378 1.087910 0.000000 0.000000 0.000000 1.000000
0.988728 0.088433 -0.120814 -0.233330 -0.080708 0.994455 0.067415 99.244545 0.126106 -0.056904 0.990383 1.082304 0.000000 0.000000 0.000000 1.000000
0.988906 0.087034 -0.120375 -0.202981 -0.079250 0.994532 0.068014 99.251343 0.125636 -0.057720 0.990396 1.074548 0.000000 0.000000 0.000000 1.000000
0.989084 0.085490 -0.120022 -0.176603 -0.077664 0.994628 0.068441 99.260254 0.125228 -0.058372 0.990409 1.065522 0.000000 0.000000 0.000000 1.000000
0.989241 0.083908 -0.119842 -0.154171 -0.076064 0.994740 0.068599 99.269196 0.124968 -0.058745 0.990420 1.059340 0.000000 0.000000 0.000000 1.000000
0.989377 0.082377 -0.119778 -0.133833 -0.074530 0.994857 0.068589 99.277061 0.124812 -0.058933 0.990429 1.058314 0.000000 0.000000 0.000000 1.000000
0.989513 0.080857 -0.119695 -0.114175 -0.073010 0.994972 0.068553 99.284019 0.124636 -0.059095 0.990441 1.060635 0.000000 0.000000 0.000000 1.000000
0.989665 0.079259 -0.119500 -0.096088 -0.071420 0.995090 0.068514 99.291092 0.124344 -0.059271 0.990467 1.063591 0.000000 0.000000 0.000000 1.000000
0.989826 0.077668 -0.119212 -0.082266 -0.069846 0.995206 0.068452 99.298744 0.123957 -0.059429 0.990506 1.067772 0.000000 0.000000 0.000000 1.000000
0.989963 0.076326 -0.118942 -0.074806 -0.068513 0.995299 0.068452 99.306549 0.123607 -0.059616 0.990539 1.075734 0.000000 0.000000 0.000000 1.000000
0.990051 0.075366 -0.118821 -0.073947 -0.067534 0.995354 0.068627 99.313828 0.123442 -0.059920 0.990541 1.087797 0.000000 0.000000 0.000000 1.000000
0.990090 0.074662 -0.118941 -0.079050 -0.066787 0.995387 0.068879 99.320297 0.123535 -0.060252 0.990509 1.102293 0.000000 0.000000 0.000000 1.000000
0.990092 0.073978 -0.119350 -0.090927 -0.066075 0.995435 0.068875 99.325935 0.123900 -0.060307 0.990460 1.119670 0.000000 0.000000 0.000000 1.000000
0.990060 0.073195 -0.120100 -0.111207 -0.065302 0.995519 0.068392 99.330711 0.124568 -0.059869 0.990403 1.143198 0.000000 0.000000 0.000000 1.000000
0.989988 0.072356 -0.121193 -0.138899 -0.064492 0.995626 0.067601 99.335007 0.125554 -0.059108 0.990324 1.174428 0.000000 0.000000 0.000000 1.000000
0.989888 0.071565 -0.122477 -0.169997 -0.063706 0.995722 0.066926 99.339874 0.126743 -0.058447 0.990212 1.210849 0.000000 0.000000 0.000000 1.000000
0.989790 0.070870 -0.123664 -0.201525 -0.062975 0.995789 0.066626 99.346291 0.127865 -0.058158 0.990085 1.249210 0.000000 0.000000 0.000000 1.000000
0.989731 0.070209 -0.124513 -0.233477 -0.062265 0.995836 0.066586 99.353645 0.128669 -0.058150 0.989981 1.289522 0.000000 0.000000 0.000000 1.000000
0.989724 0.069466 -0.124983 -0.266490 -0.061501 0.995889 0.066497 99.359802 0.129089 -0.058127 0.989928 1.334033 0.000000 0.000000 0.000000 1.000000
0.989757 0.068610 -0.125195 -0.300251 -0.060667 0.995961 0.066195 99.363686 0.129231 -0.057922 0.989921 1.383143 0.000000 0.000000 0.000000 1.000000
0.989807 0.067746 -0.125271 -0.335326 -0.059842 0.996035 0.065823 99.366920 0.129234 -0.057656 0.989937 1.433575 0.000000 0.000000 0.000000 1.000000
0.989856 0.067014 -0.125280 -0.374338 -0.059128 0.996090 0.065641 99.371353 0.129189 -0.057567 0.989948 1.480598 0.000000 0.000000 0.000000 1.000000
0.989891 0.066479 -0.125288 -0.419683 -0.058582 0.996118 0.065699 99.375870 0.129170 -0.057696 0.989943 1.521710 0.000000 0.000000 0.000000 1.000000
0.989901 0.066154 -0.125381 -0.471210 -0.058241 0.996134 0.065766 99.377197 0.129247 -0.057800 0.989927 1.557876 0.000000 0.000000 0.000000 1.000000
0.989879 0.066082 -0.125590 -0.526909 -0.058182 0.996151 0.065562 99.374069 0.129439 -0.057591 0.989914 1.590711 0.000000 0.000000 0.000000 1.000000
0.989828 0.066355 -0.125848 -0.584116 -0.058517 0.996168 0.064996 99.369804 0.129679 -0.056971 0.989918 1.618600 0.000000 0.000000 0.000000 1.000000
0.989746 0.067094 -0.126098 -0.638998 -0.059358 0.996174 0.064143 99.367470 0.129919 -0.056000 0.989942 1.637111 0.000000 0.000000 0.000000 1.000000
0.989610 0.068375 -0.126477 -0.686383 -0.060771 0.996159 0.063033 99.365540 0.130302 -0.054692 0.989965 1.643970 0.000000 0.000000 0.000000 1.000000
0.989383 0.070147 -0.127280 -0.723443 -0.062704 0.996131 0.061576 99.359413 0.131107 -0.052942 0.989954 1.642684 0.000000 0.000000 0.000000 1.000000
0.989068 0.072217 -0.128570 -0.753360 -0.064960 0.996096 0.059772 99.346794 0.132384 -0.050766 0.989898 1.640009 0.000000 0.000000 0.000000 1.000000
0.988733 0.074372 -0.129910 -0.783811 -0.067306 0.996047 0.057962 99.330208 0.133708 -0.048566 0.989830 1.639258 0.000000 0.000000 0.000000 1.000000
0.988471 0.076517 -0.130654 -0.820583 -0.069597 0.995960 0.056742 99.313896 0.134467 -0.046995 0.989803 1.636249 0.000000 0.000000 0.000000 1.000000
0.988321 0.078647 -0.130526 -0.863729 -0.071785 0.995820 0.056478 99.300377 0.134422 -0.046449 0.989835 1.623149 0.000000 0.000000 0.000000 1.000000
0.988252 0.080706 -0.129786 -0.909648 -0.073832 0.995644 0.056937 99.289780 0.133815 -0.046686 0.989906 1.598035 0.000000 0.000000 0.000000 1.000000
0.988224 0.082557 -0.128833 -0.955665 -0.075673 0.995476 0.057456 99.281403 0.132993 -0.047030 0.990000 1.570191 0.000000 0.000000 0.000000 1.000000
0.988218 0.084126 -0.127862 -1.000135 -0.077292 0.995348 0.057509 99.273468 0.132105 -0.046949 0.990123 1.553794 0.000000 0.000000 0.000000 1.000000
0.988228 0.085490 -0.126874 -1.040599 -0.078766 0.995256 0.057113 99.263237 0.131154 -0.046447 0.990273 1.555171 0.000000 0.000000 0.000000 1.000000
0.988259 0.086777 -0.125757 -1.074254 -0.080175 0.995170 0.056648 99.249969 0.130066 -0.045900 0.990442 1.567948 0.000000 0.000000 0.000000 1.000000
0.988335 0.087973 -0.124314 -1.101103 -0.081483 0.995079 0.056370 99.236168 0.128661 -0.045583 0.990640 1.581552 0.000000 0.000000 0.000000 1.000000
0.988489 0.088899 -0.122419 -1.124483 -0.082527 0.995004 0.056185 99.226479 0.126802 -0.045436 0.990887 1.592372 0.000000 0.000000 0.000000 1.000000
0.988707 0.089427 -0.120253 -1.147164 -0.083194 0.994964 0.055902 99.222221 0.124646 -0.045266 0.991168 1.604415 0.000000 0.000000 0.000000 1.000000
0.988925 0.089716 -0.118228 -1.168219 -0.083620 0.994947 0.055562 99.220032 0.122615 -0.045061 0.991431 1.620566 0.000000 0.000000 0.000000 1.000000
0.989078 0.090144 -0.116610 -1.184995 -0.084142 0.994911 0.055422 99.215439 0.121012 -0.045005 0.991630 1.637335 0.000000 0.000000 0.000000 1.000000
0.989163 0.090930 -0.115275 -1.197436 -0.084967 0.994829 0.055637 99.207695 0.119738 -0.045239 0.991774 1.649139 0.000000 0.000000 0.000000 1.000000
0.989234 0.091901 -0.113887 -1.208361 -0.085950 0.994718 0.056112 99.199852 0.118442 -0.045720 0.991908 1.654450 0.000000 0.000000 0.000000 1.000000
