<?xml version="1.0" encoding="utf-8"?>
<COLLADA xmlns="http://www.collada.org/2005/11/COLLADASchema" version="1.4.1">
  <asset><contributor><author>Mixamo</author><authoring_tool>COLLADA Mixamo exporter</authoring_tool><comments></comments></contributor><created>2016-04-09T17:18:50Z</created><modified>2016-04-09T17:18:50Z</modified><revision></revision><title></title><unit meter="0.010000"/><up_axis>Y_UP</up_axis></asset>
  <library_animations>
    <animation id="mixamorig_Hips-anim" name="mixamorig_Hips"><source id="mixamorig_Hips-Matrix-animation-input"><float_array id="mixamorig_Hips-Matrix-animation-input-array" count="464">

0.000000 0.033333 0.066667 0.100000 0.133333 0.166667 0.200000 0.233333 0.266667 0.300000 0.333333 0.366667 0.400000 0.433333 0.466667 0.500000
0.533333 0.566667 0.600000 0.633333 0.666667 0.700000 0.733333 0.766667 0.800000 0.833333 0.866667 0.900000 0.933333 0.966667 1.000000 1.033333
1.066667 1.100000 1.133333 1.166667 1.200000 1.233333 1.266667 1.300000 1.333333 1.366667 1.400000 1.433333 1.466667 1.500000 1.533333 1.566667
1.600000 1.633333 1.666667 1.700000 1.733333 1.766667 1.800000 1.833333 1.866667 1.900000 1.933333 1.966667 2.000000 2.033333 2.066667 2.100000
2.133333 2.166667 2.200000 2.233333 2.266667 2.300000 2.333333 2.366667 2.400000 2.433333 2.466667 2.500000 2.533333 2.566667 2.600000 2.633333
2.666667 2.700000 2.733333 2.766667 2.800000 2.833333 2.866667 2.900000 2.933333 2.966667 3.000000 3.033333 3.066667 3.100000 3.133333 3.166667
3.200000 3.233333 3.266667 3.300000 3.333333 3.366667 3.400000 3.433333 3.466667 3.500000 3.533333 3.566667 3.600000 3.633333 3.666667 3.700000
3.733333 3.766667 3.800000 3.833333 3.866667 3.900000 3.933333 3.966667 4.000000 4.033333 4.066667 4.100000 4.133333 4.166667 4.200000 4.233333
4.266667 4.300000 4.333333 4.366667 4.400000 4.433333 4.466667 4.500000 4.533333 4.566667 4.600000 4.633333 4.666667 4.700000 4.733333 4.766667
4.800000 4.833333 4.866667 4.900000 4.933333 4.966667 5.000000 5.033333 5.066667 5.100000 5.133333 5.166667 5.200000 5.233333 5.266667 5.300000
5.333333 5.366667 5.400000 5.433333 5.466667 5.500000 5.533333 5.566667 5.600000 5.633333 5.666667 5.700000 5.733333 5.766667 5.800000 5.833333
5.866667 5.900000 5.933333 5.966667 6.000000 6.033333 6.066667 6.100000 6.133333 6.166667 6.200000 6.233333 6.266667 6.300000 6.333333 6.366667
6.400000 6.433333 6.466667 6.500000 6.533333 6.566667 6.600000 6.633333 6.666667 6.700000 6.733333 6.766667 6.800000 6.833333 6.866667 6.900000
6.933333 6.966667 7.000000 7.033333 7.066667 7.100000 7.133333 7.166667 7.200000 7.233333 7.266667 7.300000 7.333333 7.366667 7.400000 7.433333
7.466667 7.500000 7.533333 7.566667 7.600000 7.633333 7.666667 7.700000 7.733333 7.766667 7.800000 7.833333 7.866667 7.900000 7.933333 7.966667
8.000000 8.033333 8.066667 8.100000 8.133333 8.166667 8.200000 8.233333 8.266667 8.300000 8.333333 8.366667 8.400000 8.433333 8.466667 8.500000
8.533333 8.566667 8.600000 8.633333 8.666667 8.700000 8.733333 8.766667 8.800000 8.833333 8.866667 8.900000 8.933333 8.966667 9.000000 9.033333
9.066667 9.100000 9.133333 9.166667 9.200000 9.233333 9.266667 9.300000 9.333333 9.366667 9.400000 9.433333 9.466667 9.500000 9.533333 9.566667
9.600000 9.633333 9.666667 9.700000 9.733333 9.766667 9.800000 9.833333 9.866667 9.900000 9.933333 9.966667 10.000000 10.033333 10.066667 10.100000
10.133333 10.166667 10.200000 10.233333 10.266667 10.300000 10.333333 10.366667 10.400000 10.433333 10.466667 10.500000 10.533333 10.566667 10.600000 10.633333
10.666667 10.700000 10.733333 10.766667 10.800000 10.833333 10.866667 10.900000 10.933333 10.966667 11.000000 11.033333 11.066667 11.100000 11.133333 11.166667
11.200000 11.233333 11.266667 11.300000 11.333333 11.366667 11.400000 11.433333 11.466667 11.500000 11.533333 11.566667 11.600000 11.633333 11.666667 11.700000
11.733333 11.766667 11.800000 11.833333 11.866667 11.900000 11.933333 11.966667 12.000000 12.033333 12.066667 12.100000 12.133333 12.166667 12.200000 12.233333
12.266667 12.300000 12.333333 12.366667 12.400000 12.433333 12.466667 12.500000 12.533333 12.566667 12.600000 12.633333 12.666667 12.700000 12.733333 12.766667
12.800000 12.833333 12.866667 12.900000 12.933333 12.966667 13.000000 13.033333 13.066667 13.100000 13.133333 13.166667 13.200000 13.233333 13.266667 13.300000
13.333333 13.366667 13.400000 13.433333 13.466667 13.500000 13.533333 13.566667 13.600000 13.633333 13.666667 13.700000 13.733333 13.766667 13.800000 13.833333
13.866667 13.900000 13.933333 13.966667 14.000000 14.033333 14.066667 14.100000 14.133333 14.166667 14.200000 14.233333 14.266667 14.300000 14.333333 14.366667
14.400000 14.433333 14.466667 14.500000 14.533333 14.566667 14.600000 14.633333 14.666667 14.700000 14.733333 14.766667 14.800000 14.833333 14.866667 14.900000
14.933333 14.966667 15.000000 15.033333 15.066667 15.100000 15.133333 15.166667 15.200000 15.233333 15.266667 15.300000 15.333333 15.366667 15.400000 15.433333</float_array><technique_common><accessor source="#mixamorig_Hips-Matrix-animation-input-array" count="464"><param name="TIME" type="float"/></accessor></technique_common></source><source id="mixamorig_Hips-Matrix-animation-output-transform"><float_array id="mixamorig_Hips-Matrix-animation-output-transform-array" count="7424">

0.982130 0.067947 -0.175512 -0.287304 -0.068519 0.997646 0.002811 101.906960 0.175289 0.009265 0.984473 1.573699 0.000000 0.000000 0.000000 1.000000
0.973542 0.081103 -0.213629 -0.067793 -0.074423 0.996458 0.039140 101.843750 0.216047 -0.022206 0.976130 1.771380 0.000000 0.000000 0.000000 1.000000
0.963825 0.084855 -0.252667 0.018346 -0.070819 0.995424 0.064155 101.606537 0.256955 -0.043941 0.965424 1.953893 0.000000 0.000000 0.000000 1.000000
0.959849 0.078759 -0.269234 -0.029285 -0.059553 0.995111 0.078789 101.191917 0.274123 -0.059592 0.959847 2.139043 0.000000 0.000000 0.000000 1.000000
0.960932 0.066641 -0.268642 -0.247649 -0.043985 0.995016 0.089495 100.660652 0.273267 -0.074182 0.959074 2.296880 0.000000 0.000000 0.000000 1.000000
0.963578 0.053876 -0.261943 -0.638897 -0.028253 0.994524 0.100619 100.115875 0.265930 -0.089553 0.959824 2.376978 0.000000 0.000000 0.000000 1.000000
0.967453 0.041488 -0.249627 -1.141579 -0.013567 0.993554 0.112548 99.573959 0.252687 -0.105499 0.961779 2.346389 0.000000 0.000000 0.000000 1.000000
0.972580 0.029815 -0.230652 -1.622605 -0.000976 0.992263 0.124148 99.082321 0.232569 -0.120519 0.965084 2.222979 0.000000 0.000000 0.000000 1.000000
0.976997 0.021200 -0.212196 -1.938423 0.007328 0.991121 0.132763 98.789619 0.213126 -0.131264 0.968167 2.091039 0.000000 0.000000 0.000000 1.000000
0.978172 0.016879 -0.207108 -1.992448 0.011533 0.990750 0.135212 98.882553 0.207475 -0.134649 0.968929 2.071255 0.000000 0.000000 0.000000 1.000000
0.974727 0.015560 -0.222859 -1.748167 0.013636 0.991568 0.128869 99.398445 0.222985 -0.128651 0.966295 2.224952 0.000000 0.000000 0.000000 1.000000
0.966832 0.015934 -0.254916 -1.235622 0.013096 0.993647 0.111780 100.135895 0.255078 -0.111411 0.960481 2.433440 0.000000 0.000000 0.000000 1.000000
0.956760 0.020135 -0.290180 -0.527329 0.004819 0.996367 0.085023 100.740601 0.290838 -0.082745 0.953188 2.405936 0.000000 0.000000 0.000000 1.000000
0.951995 0.032144 -0.304422 0.268470 -0.016541 0.998420 0.053695 101.021461 0.305667 -0.046082 0.951023 1.960477 0.000000 0.000000 0.000000 1.000000
0.963987 0.047537 -0.261666 0.915191 -0.043314 0.998822 0.021887 101.092781 0.262398 -0.009765 0.964910 1.287160 0.000000 0.000000 0.000000 1.000000
0.986134 0.054735 -0.156663 1.176715 -0.056643 0.998364 -0.007739 101.167068 0.155983 0.016506 0.987622 0.749368 0.000000 0.000000 0.000000 1.000000
0.997560 0.050026 -0.048691 0.995306 -0.051308 0.998359 -0.025436 101.337105 0.047338 0.027872 0.998490 0.511961 0.000000 0.000000 0.000000 1.000000
0.999115 0.040195 0.012375 0.438766 -0.039906 0.998943 -0.022796 101.423187 -0.013278 0.022282 0.999664 0.502850 0.000000 0.000000 0.000000 1.000000
0.998408 0.031129 0.047034 -0.445230 -0.031054 0.999515 -0.002319 101.330910 -0.047084 0.000854 0.998891 0.621097 0.000000 0.000000 0.000000 1.000000
0.994217 0.023235 0.104843 -1.590499 -0.026052 0.999333 0.025578 101.061218 -0.104179 -0.028162 0.994160 0.845523 0.000000 0.000000 0.000000 1.000000
0.976120 0.012547 0.216867 -2.862106 -0.023762 0.998507 0.049180 100.685783 -0.215926 -0.053159 0.974961 1.183725 0.000000 0.000000 0.000000 1.000000
0.924470 -0.004657 0.381227 -4.110224 -0.021688 0.997664 0.064780 100.209808 -0.380638 -0.068155 0.922209 1.619086 0.000000 0.000000 0.000000 1.000000
0.827808 -0.029746 0.560222 -5.270030 -0.016458 0.996876 0.077250 99.508865 -0.560770 -0.073168 0.824732 2.122783 0.000000 0.000000 0.000000 1.000000
0.704773 -0.058507 0.707016 -6.286157 -0.007572 0.995916 0.089962 98.454483 -0.709392 -0.068757 0.701452 2.676872 0.000000 0.000000 0.000000 1.000000
0.590689 -0.080589 0.802865 -7.024014 0.001754 0.995126 0.098597 97.101425 -0.806898 -0.056832 0.587951 3.243088 0.000000 0.000000 0.000000 1.000000
0.502768 -0.090093 0.859713 -7.387320 0.010112 0.995099 0.098367 95.865349 -0.864362 -0.040763 0.501215 3.770235 0.000000 0.000000 0.000000 1.000000
0.437546 -0.090247 0.894656 -7.400397 0.017266 0.995611 0.091987 95.111801 -0.899030 -0.024801 0.437184 4.209614 0.000000 0.000000 0.000000 1.000000
0.402175 -0.086800 0.911439 -7.232745 0.021811 0.996122 0.085241 95.000412 -0.915303 -0.014403 0.402508 4.512324 0.000000 0.000000 0.000000 1.000000
0.413400 -0.080074 0.907022 -7.136916 0.019961 0.996683 0.078892 95.413719 -0.910331 -0.014508 0.413628 4.636082 0.000000 0.000000 0.000000 1.000000
0.457863 -0.065586 0.886600 -7.283457 0.007022 0.997511 0.070165 96.031311 -0.888995 -0.025900 0.457184 4.564943 0.000000 0.000000 0.000000 1.000000
0.494353 -0.041334 0.868278 -7.605250 -0.016553 0.998240 0.056946 96.545219 -0.869104 -0.042524 0.492799 4.362601 0.000000 0.000000 0.000000 1.000000
0.496871 -0.013567 0.867719 -7.854465 -0.039280 0.998501 0.038104 96.884460 -0.866935 -0.053016 0.495593 4.117823 0.000000 0.000000 0.000000 1.000000
0.482043 0.006949 0.876120 -7.847583 -0.046762 0.998747 0.017807 97.174469 -0.874899 -0.049552 0.481764 3.853673 0.000000 0.000000 0.000000 1.000000
0.478355 0.014857 0.878041 -7.612765 -0.039306 0.999217 0.004506 97.444260 -0.877286 -0.036668 0.478564 3.504523 0.000000 0.000000 0.000000 1.000000
0.488930 0.012607 0.872232 -7.300007 -0.029280 0.999569 0.001965 97.512085 -0.871832 -0.026499 0.489088 3.027145 0.000000 0.000000 0.000000 1.000000
0.501977 0.003699 0.864873 -6.992079 -0.023639 0.999676 0.009444 97.172302 -0.864558 -0.025185 0.501902 2.491376 0.000000 0.000000 0.000000 1.000000
0.511695 -0.011811 0.859086 -6.661828 -0.019673 0.999482 0.025459 96.403595 -0.858942 -0.029928 0.511198 2.039278 0.000000 0.000000 0.000000 1.000000
0.520789 -0.033617 0.853023 -6.327411 -0.013195 0.998788 0.047417 95.499161 -0.853583 -0.035950 0.519714 1.762935 0.000000 0.000000 0.000000 1.000000
0.526910 -0.055086 0.848134 -6.019144 -0.006892 0.997588 0.069075 94.888145 -0.849893 -0.042242 0.525259 1.666067 0.000000 0.000000 0.000000 1.000000
0.521084 -0.067960 0.850796 -5.771033 -0.005074 0.996561 0.082710 94.722504 -0.853490 -0.047416 0.518947 1.704324 0.000000 0.000000 0.000000 1.000000
0.503537 -0.070466 0.861095 -5.588048 -0.006355 0.996339 0.085250 94.845467 -0.863950 -0.048399 0.501246 1.842567 0.000000 0.000000 0.000000 1.000000
0.486367 -0.066884 0.871191 -5.470740 -0.006755 0.996748 0.080295 95.086205 -0.873728 -0.044938 0.484334 2.049363 0.000000 0.000000 0.000000 1.000000
0.477262 -0.061625 0.876598 -5.485637 -0.006523 0.997262 0.073660 95.357620 -0.878737 -0.040873 0.475553 2.268066 0.000000 0.000000 0.000000 1.000000
0.470105 -0.058096 0.880696 -5.733897 -0.008071 0.997507 0.070109 95.450211 -0.882574 -0.040066 0.468464 2.424219 0.000000 0.000000 0.000000 1.000000
0.458963 -0.061227 0.886343 -6.234431 -0.010892 0.997160 0.074522 95.027084 -0.888388 -0.043857 0.456993 2.459663 0.000000 0.000000 0.000000 1.000000
0.446489 -0.075394 0.891607 -6.885709 -0.013628 0.995755 0.091025 93.957603 -0.894686 -0.052793 0.443566 2.375369 0.000000 0.000000 0.000000 1.000000
0.436038 -0.100600 0.894288 -7.662747 -0.015063 0.992777 0.119023 92.692474 -0.899802 -0.065369 0.431373 2.242388 0.000000 0.000000 0.000000 1.000000
0.431953 -0.131468 0.892263 -8.783808 -0.012460 0.988354 0.151658 92.052780 -0.901810 -0.076627 0.425285 2.156048 0.000000 0.000000 0.000000 1.000000
0.436109 -0.157910 0.885931 -10.594536 -0.003697 0.984161 0.177238 92.592064 -0.899886 -0.080571 0.428617 2.176228 0.000000 0.000000 0.000000 1.000000
0.436871 -0.166993 0.883887 -13.199274 0.004378 0.983000 0.183555 93.996193 -0.899513 -0.076320 0.430176 2.339670 0.000000 0.000000 0.000000 1.000000
0.421059 -0.153561 0.893940 -16.383686 0.003401 0.985825 0.167743 95.263840 -0.907027 -0.067589 0.415613 2.657951 0.000000 0.000000 0.000000 1.000000
0.392630 -0.129336 0.910557 -19.756100 -0.004384 0.989788 0.142481 95.406212 -0.919686 -0.059934 0.388053 3.008665 0.000000 0.000000 0.000000 1.000000
0.367920 -0.113099 0.922954 -22.995798 -0.013521 0.991820 0.126928 94.073997 -0.929759 -0.059179 0.363381 3.193961 0.000000 0.000000 0.000000 1.000000
0.357465 -0.112802 0.927089 -26.193560 -0.016520 0.991760 0.127040 92.123482 -0.933781 -0.060728 0.352656 3.227608 0.000000 0.000000 0.000000 1.000000
0.358151 -0.115620 0.926477 -29.232307 -0.019097 0.991188 0.131077 90.252693 -0.933468 -0.064638 0.352787 3.178905 0.000000 0.000000 0.000000 1.000000
0.357594 -0.111033 0.927253 -31.986511 -0.025898 0.991346 0.128695 88.673943 -0.933518 -0.070035 0.351624 3.122858 0.000000 0.000000 0.000000 1.000000
0.347060 -0.103759 0.932086 -34.387722 -0.034168 0.991802 0.123129 87.190201 -0.937220 -0.074580 0.340669 3.107637 0.000000 0.000000 0.000000 1.000000
0.327943 -0.101455 0.939234 -36.417912 -0.040994 0.991752 0.121441 85.730904 -0.943808 -0.078329 0.321079 3.148678 0.000000 0.000000 0.000000 1.000000
0.301222 -0.104838 0.947773 -38.098141 -0.047509 0.991053 0.124725 84.545883 -0.952370 -0.082598 0.293546 3.239676 0.000000 0.000000 0.000000 1.000000
0.265130 -0.113228 0.957541 -39.602009 -0.056585 0.989542 0.132680 83.729568 -0.962551 -0.089360 0.255951 3.331447 0.000000 0.000000 0.000000 1.000000
0.231735 -0.128600 0.964241 -41.290474 -0.066966 0.986763 0.147697 83.052399 -0.970471 -0.098798 0.220056 3.349232 0.000000 0.000000 0.000000 1.000000
0.230242 -0.148028 0.961809 -43.488014 -0.070333 0.983247 0.168164 82.361229 -0.970588 -0.106365 0.215973 3.253073 0.000000 0.000000 0.000000 1.000000
0.267970 -0.159984 0.950051 -46.236526 -0.061065 0.981313 0.182472 82.050743 -0.961490 -0.106912 0.253194 3.060787 0.000000 0.000000 0.000000 1.000000
0.316831 -0.152366 0.936164 -49.379913 -0.051993 0.982739 0.177542 82.795013 -0.947056 -0.104925 0.303440 2.749557 0.000000 0.000000 0.000000 1.000000
0.360605 -0.120853 0.924856 -52.719368 -0.060150 0.986493 0.152360 84.881874 -0.930777 -0.110572 0.348465 2.195609 0.000000 0.000000 0.000000 1.000000
0.414607 -0.070753 0.907246 -56.074806 -0.085717 0.989504 0.116340 87.873802 -0.905955 -0.126002 0.404190 1.290141 0.000000 0.000000 0.000000 1.000000
0.488197 -0.016843 0.872571 -59.208801 -0.115542 0.989766 0.083750 90.903374 -0.865051 -0.141705 0.481254 0.138703 0.000000 0.000000 0.000000 1.000000
0.567785 0.022975 0.822856 -61.849777 -0.135878 0.988514 0.066158 93.257088 -0.811885 -0.149371 0.564385 -0.942249 0.000000 0.000000 0.000000 1.000000
0.634209 0.045431 0.771826 -64.061684 -0.148232 0.986898 0.063712 94.905441 -0.758819 -0.154816 0.632634 -1.797694 0.000000 0.000000 0.000000 1.000000
0.682034 0.059296 0.728913 -66.079918 -0.157044 0.985331 0.066789 95.901146 -0.714260 -0.160024 0.681341 -2.444165 0.000000 0.000000 0.000000 1.000000
0.724672 0.076371 0.684849 -68.066078 -0.168566 0.983292 0.068715 96.333786 -0.668159 -0.165238 0.725438 -2.975512 0.000000 0.000000 0.000000 1.000000
0.777991 0.096285 0.620853 -69.997971 -0.180130 0.980885 0.073600 96.537621 -0.601899 -0.169095 0.780464 -3.446930 0.000000 0.000000 0.000000 1.000000
0.839251 0.116111 0.531203 -71.762833 -0.189894 0.978009 0.086242 96.780373 -0.509508 -0.173251 0.842844 -3.855857 0.000000 0.000000 0.000000 1.000000
0.893942 0.134343 0.427574 -73.272644 -0.195502 0.975354 0.102287 97.156403 -0.403295 -0.175030 0.898175 -4.088208 0.000000 0.000000 0.000000 1.000000
0.932797 0.150435 0.327505 -74.556656 -0.196444 0.974089 0.112075 97.667122 -0.302159 -0.168879 0.938179 -3.954719 0.000000 0.000000 0.000000 1.000000
0.955526 0.163565 0.245392 -75.739952 -0.194766 0.974815 0.108638 98.418129 -0.221442 -0.151601 0.963317 -3.409522 0.000000 0.000000 0.000000 1.000000
0.968864 0.172360 0.177748 -76.959648 -0.191109 0.977031 0.094275 99.456207 -0.157416 -0.125309 0.979550 -2.687439 0.000000 0.000000 0.000000 1.000000
0.981306 0.167123 0.095442 -78.438393 -0.175070 0.981135 0.082002 100.514977 -0.079937 -0.097178 0.992052 -2.135171 0.000000 0.000000 0.000000 1.000000
0.988184 0.152799 -0.011998 -80.211639 -0.151347 0.985153 0.081039 101.218704 0.024202 -0.078266 0.996639 -2.022972 0.000000 0.000000 0.000000 1.000000
0.984820 0.141856 -0.100032 -82.175880 -0.133496 0.987323 0.085855 101.357338 0.110943 -0.071198 0.991273 -2.355539 0.000000 0.000000 0.000000 1.000000
0.981599 0.142358 -0.127269 -84.127640 -0.132120 0.987531 0.085596 101.293571 0.137867 -0.067206 0.988168 -2.828269 0.000000 0.000000 0.000000 1.000000
0.982766 0.148250 -0.110420 -85.975891 -0.140325 0.987152 0.076421 101.413788 0.120330 -0.059609 0.990943 -3.096862 0.000000 0.000000 0.000000 1.000000
0.984875 0.148928 -0.088556 -87.728249 -0.143255 0.987393 0.067329 101.804642 0.097467 -0.053624 0.993793 -3.059165 0.000000 0.000000 0.000000 1.000000
0.985593 0.144939 -0.087169 -89.510452 -0.139070 0.987803 0.070034 102.212227 0.096256 -0.056902 0.993729 -2.861822 0.000000 0.000000 0.000000 1.000000
0.983367 0.146937 -0.106764 -91.503532 -0.138555 0.986944 0.082123 102.314888 0.117437 -0.065964 0.990887 -2.717888 0.000000 0.000000 0.000000 1.000000
0.978450 0.158951 -0.131794 -93.724350 -0.147884 0.984906 0.089952 102.036148 0.144103 -0.068523 0.987187 -2.772181 0.000000 0.000000 0.000000 1.000000
0.974090 0.169932 -0.149235 -95.910690 -0.158575 0.983678 0.085042 101.539856 0.161251 -0.059173 0.985138 -3.072267 0.000000 0.000000 0.000000 1.000000
0.973300 0.170352 -0.153842 -97.737770 -0.161034 0.984376 0.071222 100.900726 0.163571 -0.044547 0.985525 -3.595719 0.000000 0.000000 0.000000 1.000000
0.974106 0.167719 -0.151614 -99.127159 -0.161010 0.985387 0.055580 100.042549 0.158721 -0.029729 0.986876 -4.343989 0.000000 0.000000 0.000000 1.000000
0.971799 0.172933 -0.160314 -100.323936 -0.169540 0.984912 0.034717 98.961708 0.163899 -0.006558 0.986455 -5.337801 0.000000 0.000000 0.000000 1.000000
0.963922 0.183221 -0.193091 -101.556435 -0.187829 0.982185 -0.005676 97.899544 0.188611 0.041739 0.981164 -6.485726 0.000000 0.000000 0.000000 1.000000
0.953841 0.187118 -0.234890 -102.808327 -0.210022 0.974708 -0.076386 97.110809 0.214656 0.122193 0.969016 -7.564157 0.000000 0.000000 0.000000 1.000000
0.947850 0.181191 -0.262202 -103.948792 -0.229720 0.958654 -0.167963 96.592178 0.220928 0.219437 0.950283 -8.382043 0.000000 0.000000 0.000000 1.000000
0.944488 0.171578 -0.280184 -104.906723 -0.244876 0.936188 -0.252168 96.260757 0.219038 0.306780 0.926234 -8.916869 0.000000 0.000000 0.000000 1.000000
0.939046 0.163933 -0.302188 -105.640686 -0.259062 0.915262 -0.308516 96.014679 0.226005 0.367996 0.901943 -9.218827 0.000000 0.000000 0.000000 1.000000
0.936608 0.158141 -0.312662 -106.109772 -0.265775 0.902142 -0.339858 95.781914 0.228320 0.401412 0.886983 -9.308582 0.000000 0.000000 0.000000 1.000000
0.942428 0.151711 -0.298017 -106.299255 -0.256709 0.899334 -0.353975 95.596573 0.214315 0.410100 0.886503 -9.226243 0.000000 0.000000 0.000000 1.000000
0.950480 0.143476 -0.275684 -106.230080 -0.238311 0.905858 -0.350185 95.530556 0.199487 0.398543 0.895192 -9.068085 0.000000 0.000000 0.000000 1.000000
0.953556 0.134523 -0.269509 -105.956520 -0.222796 0.917132 -0.330502 95.669632 0.202715 0.375197 0.904507 -8.894404 0.000000 0.000000 0.000000 1.000000
0.953339 0.126213 -0.274254 -105.540627 -0.210253 0.929469 -0.303118 96.138878 0.216653 0.346637 0.912636 -8.654254 0.000000 0.000000 0.000000 1.000000
0.956393 0.117098 -0.267584 -105.006477 -0.190774 0.944145 -0.268692 96.974861 0.221175 0.308023 0.925313 -8.302755 0.000000 0.000000 0.000000 1.000000
0.963293 0.104639 -0.247219 -104.416420 -0.161000 0.962095 -0.220116 98.001831 0.214816 0.251839 0.943627 -7.932998 0.000000 0.000000 0.000000 1.000000
0.968793 0.092621 -0.229916 -103.935165 -0.132206 0.977693 -0.163211 98.822357 0.209670 0.188514 0.959427 -7.682817 0.000000 0.000000 0.000000 1.000000
0.971615 0.087520 -0.219782 -103.773621 -0.115937 0.985993 -0.119901 99.128456 0.206210 0.141978 0.968153 -7.579655 0.000000 0.000000 0.000000 1.000000
0.973362 0.088686 -0.211425 -103.989922 -0.112078 0.988519 -0.101339 98.911491 0.200010 0.122336 0.972126 -7.608116 0.000000 0.000000 0.000000 1.000000
0.974174 0.088982 -0.207527 -104.475769 -0.111263 0.988921 -0.098266 98.413956 0.196484 0.118818 0.973281 -7.810542 0.000000 0.000000 0.000000 1.000000
0.974132 0.085892 -0.209022 -105.099739 -0.108430 0.989177 -0.098856 97.842216 0.198269 0.118963 0.972902 -8.216861 0.000000 0.000000 0.000000 1.000000
0.973720 0.083871 -0.211743 -105.807655 -0.106764 0.989334 -0.099090 97.238304 0.201174 0.119092 0.972289 -8.752826 0.000000 0.000000 0.000000 1.000000
0.973762 0.085104 -0.211057 -106.557617 -0.107631 0.989386 -0.097631 96.622658 0.200508 0.117785 0.972586 -9.275568 0.000000 0.000000 0.000000 1.000000
0.974028 0.085066 -0.209840 -107.209206 -0.106192 0.990123 -0.091536 96.152794 0.199981 0.111442 0.973441 -9.670914 0.000000 0.000000 0.000000 1.000000
0.972682 0.079025 -0.218275 -107.593536 -0.098446 0.991956 -0.079570 96.048019 0.210231 0.098885 0.972638 -9.875088 0.000000 0.000000 0.000000 1.000000
0.970989 0.068849 -0.228997 -107.593826 -0.086615 0.993888 -0.068448 96.409615 0.222884 0.086297 0.971018 -9.848746 0.000000 0.000000 0.000000 1.000000
0.972318 0.059279 -0.226016 -107.213478 -0.076348 0.994791 -0.067539 97.066757 0.220835 0.082925 0.971779 -9.643717 0.000000 0.000000 0.000000 1.000000
0.975309 0.050032 -0.215103 -106.553284 -0.067913 0.994750 -0.076551 97.704979 0.210144 0.089269 0.973586 -9.432402 0.000000 0.000000 0.000000 1.000000
0.977342 0.038304 -0.208171 -105.706047 -0.057123 0.994729 -0.085154 98.089729 0.203812 0.095116 0.974379 -9.390997 0.000000 0.000000 0.000000 1.000000
0.978867 0.026830 -0.202731 -104.778442 -0.044759 0.995428 -0.084381 98.122307 0.199540 0.091672 0.975592 -9.553871 0.000000 0.000000 0.000000 1.000000
0.980169 0.024513 -0.196642 -103.894791 -0.039655 0.996511 -0.073437 97.800194 0.194156 0.079779 0.977721 -9.829925 0.000000 0.000000 0.000000 1.000000
0.980054 0.037340 -0.195194 -103.120949 -0.049169 0.997213 -0.056114 97.161362 0.192555 0.064592 0.979158 -10.124137 0.000000 0.000000 0.000000 1.000000
0.977274 0.061985 -0.202713 -102.407249 -0.070475 0.996902 -0.034927 96.270782 0.199920 0.048419 0.978615 -10.388393 0.000000 0.000000 0.000000 1.000000
0.971042 0.091030 -0.220889 -101.596703 -0.095778 0.995343 -0.010860 95.154366 0.218871 0.031701 0.975239 -10.614946 0.000000 0.000000 0.000000 1.000000
0.961675 0.120709 -0.246194 -100.502655 -0.121189 0.992541 0.013259 93.704277 0.245958 0.017085 0.969130 -10.829977 0.000000 0.000000 0.000000 1.000000
0.950841 0.151734 -0.269958 -99.024757 -0.148494 0.988379 0.032510 91.714569 0.271754 0.009175 0.962323 -11.044815 0.000000 0.000000 0.000000 1.000000
0.939450 0.183479 -0.289430 -97.263275 -0.177985 0.982984 0.045430 89.290359 0.292841 0.008835 0.956120 -11.210813 0.000000 0.000000 0.000000 1.000000
0.926139 0.215770 -0.309369 -95.415131 -0.208110 0.976386 0.057978 86.801270 0.314574 0.010687 0.949173 -11.291317 0.000000 0.000000 0.000000 1.000000
0.910744 0.251105 -0.327860 -93.579582 -0.238983 0.967928 0.077470 84.568779 0.336798 0.007797 0.941545 -11.332836 0.000000 0.000000 0.000000 1.000000
0.895934 0.289388 -0.336983 -91.815979 -0.269697 0.957207 0.104971 82.737564 0.352939 -0.003164 0.935641 -11.381599 0.000000 0.000000 0.000000 1.000000
0.883081 0.325288 -0.338164 -90.317749 -0.295976 0.945394 0.136487 81.299057 0.364096 -0.020440 0.931137 -11.387613 0.000000 0.000000 0.000000 1.000000
0.871638 0.354042 -0.338970 -89.344940 -0.314995 0.934460 0.166023 80.187363 0.375533 -0.037939 0.926032 -11.261997 0.000000 0.000000 0.000000 1.000000
0.862303 0.376286 -0.338885 -88.966454 -0.329776 0.925129 0.188106 79.394989 0.384294 -0.050449 0.921831 -10.981775 0.000000 0.000000 0.000000 1.000000
0.855501 0.396039 -0.333572 -88.968117 -0.344498 0.916278 0.204345 78.893806 0.386573 -0.059902 0.920311 -10.601872 0.000000 0.000000 0.000000 1.000000
0.850434 0.414343 -0.324163 -89.061081 -0.357569 0.907229 0.221539 78.590721 0.385883 -0.072493 0.919695 -10.205449 0.000000 0.000000 0.000000 1.000000
0.848701 0.426436 -0.312824 -89.053932 -0.364364 0.900178 0.238575 78.402710 0.383334 -0.088497 0.919360 -9.877512 0.000000 0.000000 0.000000 1.000000
0.851817 0.427713 -0.302439 -88.870224 -0.363476 0.898341 0.246718 78.355690 0.377218 -0.100229 0.920685 -9.667748 0.000000 0.000000 0.000000 1.000000
0.854236 0.421723 -0.304024 -88.540482 -0.357427 0.901066 0.245615 78.557632 0.377527 -0.101147 0.920458 -9.538693 0.000000 0.000000 0.000000 1.000000
0.847957 0.417162 -0.327023 -88.163261 -0.350243 0.904035 0.245053 79.069023 0.397867 -0.093257 0.912691 -9.392324 0.000000 0.000000 0.000000 1.000000
0.835263 0.416938 -0.358468 -87.805038 -0.344450 0.904926 0.249927 79.771309 0.428591 -0.085281 0.899465 -9.187416 0.000000 0.000000 0.000000 1.000000
0.828780 0.416120 -0.374122 -87.476120 -0.338996 0.905299 0.255959 80.387924 0.445202 -0.085308 0.891357 -8.991239 0.000000 0.000000 0.000000 1.000000
0.833854 0.410980 -0.368487 -87.175613 -0.331923 0.906720 0.260166 80.713501 0.441037 -0.094631 0.892486 -8.881599 0.000000 0.000000 0.000000 1.000000
0.842931 0.403605 -0.355767 -86.909508 -0.323445 0.908562 0.264382 80.751938 0.429943 -0.107785 0.896399 -8.835320 0.000000 0.000000 0.000000 1.000000
0.849950 0.397183 -0.346166 -86.684204 -0.315727 0.909963 0.268858 80.584328 0.421784 -0.119222 0.898824 -8.763977 0.000000 0.000000 0.000000 1.000000
0.856776 0.391987 -0.335083 -86.521019 -0.310494 0.910917 0.271706 80.239670 0.411738 -0.128750 0.902162 -8.632858 0.000000 0.000000 0.000000 1.000000
0.866674 0.386553 -0.315361 -86.449112 -0.307113 0.911571 0.273348 79.789688 0.393137 -0.140052 0.908751 -8.487251 0.000000 0.000000 0.000000 1.000000
0.878900 0.379355 -0.289180 -86.479836 -0.302462 0.911990 0.277111 79.455284 0.368853 -0.156087 0.916288 -8.375297 0.000000 0.000000 0.000000 1.000000
0.890897 0.369911 -0.263569 -86.615326 -0.294950 0.912448 0.283626 79.441452 0.345409 -0.174942 0.922002 -8.293917 0.000000 0.000000 0.000000 1.000000
0.901399 0.358543 -0.242749 -86.887428 -0.285998 0.913951 0.287922 79.726997 0.325093 -0.190107 0.926377 -8.188881 0.000000 0.000000 0.000000 1.000000
0.911761 0.343974 -0.224440 -87.351860 -0.275872 0.917723 0.285795 80.133575 0.304280 -0.198660 0.931637 -8.001325 0.000000 0.000000 0.000000 1.000000
0.924929 0.323002 -0.200439 -88.037018 -0.261430 0.923275 0.281457 80.507782 0.275972 -0.207927 0.938406 -7.779584 0.000000 0.000000 0.000000 1.000000
0.941549 0.293725 -0.164956 -88.907440 -0.240032 0.928518 0.283266 80.768463 0.236367 -0.227114 0.944749 -7.710423 0.000000 0.000000 0.000000 1.000000
0.957782 0.258272 -0.126291 -89.868690 -0.213019 0.932533 0.291558 80.874702 0.193072 -0.252346 0.948180 -7.922602 0.000000 0.000000 0.000000 1.000000
0.970130 0.220440 -0.101265 -90.898880 -0.182042 0.937452 0.296722 80.763786 0.160341 -0.269424 0.949580 -8.276117 0.000000 0.000000 0.000000 1.000000
0.978923 0.182425 -0.091823 -92.007622 -0.148840 0.945111 0.290881 80.429398 0.139847 -0.271083 0.952343 -8.504128 0.000000 0.000000 0.000000 1.000000
0.985055 0.144969 -0.093009 -93.117935 -0.114400 0.954355 0.275899 80.042770 0.128761 -0.261135 0.956676 -8.532982 0.000000 0.000000 0.000000 1.000000
0.988935 0.106543 -0.103227 -94.245003 -0.077276 0.963954 0.254601 79.692734 0.126632 -0.243807 0.961521 -8.534039 0.000000 0.000000 0.000000 1.000000
0.990268 0.066640 -0.122185 -95.519539 -0.037455 0.973130 0.227191 79.329613 0.134042 -0.220403 0.966155 -8.697662 0.000000 0.000000 0.000000 1.000000
0.988478 0.026807 -0.148969 -97.058800 0.003407 0.980002 0.198959 78.894348 0.151324 -0.197174 0.968619 -9.105893 0.000000 0.000000 0.000000 1.000000
0.984076 -0.011705 -0.177364 -98.827309 0.043970 0.982848 0.179097 78.364304 0.172226 -0.184044 0.967712 -9.743060 0.000000 0.000000 0.000000 1.000000
0.979457 -0.048192 -0.195810 -100.681320 0.081991 0.982309 0.168366 77.716026 0.184232 -0.180962 0.966080 -10.492444 0.000000 0.000000 0.000000 1.000000
0.975323 -0.080875 -0.205437 -102.535378 0.114107 0.981232 0.155444 76.979691 0.189010 -0.175050 0.966247 -11.180471 0.000000 0.000000 0.000000 1.000000
0.968957 -0.107646 -0.222564 -104.390480 0.138981 0.981691 0.130260 76.245216 0.204467 -0.157149 0.966177 -11.701050 0.000000 0.000000 0.000000 1.000000
0.960487 -0.127589 -0.247359 -106.178368 0.155884 0.982870 0.098321 75.546104 0.230577 -0.132995 0.963922 -12.063806 0.000000 0.000000 0.000000 1.000000
0.954641 -0.141941 -0.261751 -107.745125 0.166315 0.983342 0.073332 74.837845 0.246982 -0.113539 0.962345 -12.342309 0.000000 0.000000 0.000000 1.000000
0.953649 -0.153745 -0.258681 -109.001114 0.174669 0.982809 0.059809 74.117599 0.245039 -0.102220 0.964109 -12.611087 0.000000 0.000000 0.000000 1.000000
0.954312 -0.165167 -0.249015 -109.968384 0.183643 0.981578 0.052721 73.461601 0.235720 -0.096043 0.967064 -12.872542 0.000000 0.000000 0.000000 1.000000
0.955406 -0.177407 -0.236065 -110.717781 0.194147 0.979724 0.049474 72.935074 0.222502 -0.093100 0.970477 -13.028439 0.000000 0.000000 0.000000 1.000000
0.959688 -0.193278 -0.204066 -111.268425 0.208108 0.976631 0.053700 72.568611 0.188918 -0.094003 0.977483 -13.003787 0.000000 0.000000 0.000000 1.000000
0.963683 -0.216979 -0.155674 -111.610733 0.229375 0.971068 0.066442 72.411720 0.136753 -0.099736 0.985572 -12.889437 0.000000 0.000000 0.000000 1.000000
0.960330 -0.248492 -0.126564 -111.810219 0.259958 0.961981 0.083757 72.540886 0.100939 -0.113336 0.988416 -12.872948 0.000000 0.000000 0.000000 1.000000
0.950626 -0.278736 -0.136445 -112.014763 0.293648 0.950142 0.104885 73.009583 0.100407 -0.139773 0.985080 -13.045979 0.000000 0.000000 0.000000 1.000000
0.940573 -0.293095 -0.171517 -112.311371 0.316308 0.939926 0.128404 73.782867 0.123579 -0.175025 0.976778 -13.343068 0.000000 0.000000 0.000000 1.000000
0.937248 -0.284248 -0.201915 -112.583588 0.315758 0.937570 0.145808 74.645599 0.147864 -0.200414 0.968489 -13.625065 0.000000 0.000000 0.000000 1.000000
0.942844 -0.261928 -0.206008 -112.663422 0.294831 0.943803 0.149368 75.292877 0.155308 -0.201569 0.967083 -13.787886 0.000000 0.000000 0.000000 1.000000
0.950314 -0.243674 -0.193718 -112.576874 0.273102 0.951273 0.143160 75.585358 0.149394 -0.188952 0.970556 -13.822523 0.000000 0.000000 0.000000 1.000000
0.954907 -0.236571 -0.179406 -112.453720 0.263172 0.954155 0.142577 75.610016 0.137452 -0.183362 0.973389 -13.780873 0.000000 0.000000 0.000000 1.000000
0.956681 -0.235245 -0.171527 -112.354767 0.261440 0.953398 0.150602 75.462257 0.128105 -0.188922 0.973600 -13.714356 0.000000 0.000000 0.000000 1.000000
0.956265 -0.234592 -0.174711 -112.270195 0.262405 0.951925 0.158057 75.177765 0.129233 -0.196989 0.971851 -13.666556 0.000000 0.000000 0.000000 1.000000
0.956227 -0.234466 -0.175088 -112.160774 0.263262 0.950526 0.164903 74.818886 0.127761 -0.203778 0.970645 -13.643681 0.000000 0.000000 0.000000 1.000000
0.959051 -0.234161 -0.159342 -112.001984 0.260901 0.949329 0.175231 74.442497 0.110235 -0.209628 0.971547 -13.572455 0.000000 0.000000 0.000000 1.000000
0.962287 -0.231278 -0.143227 -111.806259 0.255362 0.949461 0.182523 74.064232 0.093775 -0.212215 0.972713 -13.376597 0.000000 0.000000 0.000000 1.000000
0.963834 -0.227096 -0.139467 -111.594231 0.250446 0.950736 0.182695 73.716507 0.091107 -0.211016 0.973227 -13.095547 0.000000 0.000000 0.000000 1.000000
0.964010 -0.226465 -0.139276 -111.412674 0.249755 0.950974 0.182405 73.454895 0.091140 -0.210626 0.973309 -12.851406 0.000000 0.000000 0.000000 1.000000
0.963289 -0.229605 -0.139128 -111.307739 0.253010 0.949719 0.184443 73.289658 0.089783 -0.212873 0.972946 -12.719629 0.000000 0.000000 0.000000 1.000000
0.963166 -0.229368 -0.140363 -111.218895 0.252918 0.950001 0.183115 73.223473 0.091344 -0.211871 0.973019 -12.711805 0.000000 0.000000 0.000000 1.000000
0.965196 -0.220044 -0.141338 -111.030411 0.242921 0.954523 0.172843 73.303535 0.096877 -0.201162 0.974756 -12.847859 0.000000 0.000000 0.000000 1.000000
0.966951 -0.204901 -0.151729 -110.738647 0.227569 0.961950 0.151210 73.589012 0.114973 -0.180741 0.976788 -13.150120 0.000000 0.000000 0.000000 1.000000
0.966444 -0.190828 -0.171962 -110.455681 0.213462 0.969004 0.124363 74.148972 0.142900 -0.156897 0.977222 -13.572281 0.000000 0.000000 0.000000 1.000000
0.967317 -0.176475 -0.182081 -110.261551 0.197726 0.974519 0.105916 75.020294 0.158750 -0.138456 0.977562 -14.015951 0.000000 0.000000 0.000000 1.000000
0.971793 -0.152983 -0.179485 -110.153412 0.172728 0.979878 0.100017 76.190887 0.160573 -0.128198 0.978663 -14.436641 0.000000 0.000000 0.000000 1.000000
0.976289 -0.116665 -0.182346 -110.069305 0.135372 0.986352 0.093722 77.607857 0.168923 -0.116184 0.978758 -14.891717 0.000000 0.000000 0.000000 1.000000
0.977567 -0.072365 -0.197802 -109.922928 0.088663 0.993248 0.074810 79.107979 0.191053 -0.090669 0.977383 -15.471828 0.000000 0.000000 0.000000 1.000000
0.974177 -0.023279 -0.224583 -109.610619 0.035195 0.998169 0.049201 80.458054 0.223026 -0.055835 0.973212 -16.173838 0.000000 0.000000 0.000000 1.000000
0.964768 0.031770 -0.261177 -109.056137 -0.023435 0.999114 0.034965 81.515320 0.262057 -0.027612 0.964657 -16.817463 0.000000 0.000000 0.000000 1.000000
0.949787 0.091170 -0.299322 -108.341965 -0.082897 0.995745 0.040249 82.399078 0.301718 -0.013415 0.953303 -17.162449 0.000000 0.000000 0.000000 1.000000
0.928859 0.155141 -0.336383 -107.537521 -0.144292 0.987882 0.057179 83.136414 0.341177 -0.004574 0.939988 -17.112309 0.000000 0.000000 0.000000 1.000000
0.900592 0.221088 -0.374239 -106.776741 -0.207105 0.975225 0.077741 83.572784 0.382154 0.007494 0.924068 -16.822897 0.000000 0.000000 0.000000 1.000000
0.869916 0.280718 -0.405517 -106.224358 -0.262889 0.959596 0.100327 83.710800 0.417296 0.019330 0.908565 -16.514490 0.000000 0.000000 0.000000 1.000000
0.845782 0.326854 -0.421685 -105.882202 -0.303099 0.944805 0.124401 83.712372 0.439071 0.022596 0.898168 -16.214149 0.000000 0.000000 0.000000 1.000000
0.831487 0.358917 -0.424038 -105.612839 -0.326261 0.933272 0.150190 83.761292 0.449648 0.013466 0.893104 -15.819072 0.000000 0.000000 0.000000 1.000000
0.827793 0.379810 -0.412919 -105.303947 -0.336759 0.925042 0.175758 83.906479 0.448722 -0.006437 0.893648 -15.288894 0.000000 0.000000 0.000000 1.000000
0.837338 0.388707 -0.384412 -104.974220 -0.338327 0.920789 0.194122 84.175858 0.429419 -0.032489 0.902521 -14.654521 0.000000 0.000000 0.000000 1.000000
0.858126 0.383680 -0.341188 -104.558067 -0.332267 0.921589 0.200679 84.576675 0.391432 -0.058842 0.918324 -13.916238 0.000000 0.000000 0.000000 1.000000
0.882113 0.366050 -0.296454 -103.892609 -0.317177 0.926885 0.200706 85.235321 0.348247 -0.083017 0.933720 -13.053876 0.000000 0.000000 0.000000 1.000000
0.901404 0.340701 -0.267196 -102.792839 -0.292772 0.934258 0.203583 86.278236 0.318991 -0.105283 0.941892 -12.095425 0.000000 0.000000 0.000000 1.000000
0.914258 0.311151 -0.259458 -101.246086 -0.261153 0.942238 0.209731 87.777573 0.309729 -0.123990 0.942706 -11.107173 0.000000 0.000000 0.000000 1.000000
0.923779 0.279939 -0.261277 -99.389671 -0.228567 0.950541 0.210307 89.663063 0.307228 -0.134558 0.942075 -10.132668 0.000000 0.000000 0.000000 1.000000
0.932694 0.251307 -0.258702 -97.389626 -0.202423 0.958403 0.201215 91.690186 0.298507 -0.135305 0.944768 -9.205580 0.000000 0.000000 0.000000 1.000000
0.941230 0.227023 -0.250094 -95.411758 -0.182720 0.964968 0.188283 93.530678 0.284077 -0.131520 0.949738 -8.373479 0.000000 0.000000 0.000000 1.000000
0.948434 0.201796 -0.244440 -93.606979 -0.160366 0.970671 0.179111 95.022987 0.273414 -0.130675 0.952979 -7.618673 0.000000 0.000000 0.000000 1.000000
0.953155 0.171294 -0.249307 -92.044991 -0.129764 0.976066 0.174518 96.143433 0.273234 -0.133992 0.952570 -6.857239 0.000000 0.000000 0.000000 1.000000
0.955157 0.138696 -0.261606 -90.767143 -0.096457 0.981064 0.167954 96.998489 0.279947 -0.135189 0.950449 -6.089837 0.000000 0.000000 0.000000 1.000000
0.956125 0.113296 -0.270165 -89.702339 -0.073632 0.985525 0.152704 97.753830 0.283555 -0.126111 0.950627 -5.450184 0.000000 0.000000 0.000000 1.000000
0.956864 0.096561 -0.274020 -88.808998 -0.062883 0.989629 0.129149 98.443336 0.283648 -0.106347 0.953013 -5.039328 0.000000 0.000000 0.000000 1.000000
0.955879 0.081171 -0.282324 -88.088654 -0.053814 0.993188 0.103349 98.975044 0.288790 -0.083596 0.953736 -4.826615 0.000000 0.000000 0.000000 1.000000
0.952474 0.063907 -0.297839 -87.556343 -0.041665 0.995888 0.080445 99.283463 0.301756 -0.064213 0.951220 -4.761907 0.000000 0.000000 0.000000 1.000000
0.948815 0.050018 -0.311847 -87.165955 -0.032307 0.997571 0.061707 99.434975 0.314176 -0.048473 0.948126 -4.882992 0.000000 0.000000 0.000000 1.000000
0.952751 0.043485 -0.300625 -86.910202 -0.030961 0.998448 0.046301 99.437233 0.302172 -0.034806 0.952618 -5.193103 0.000000 0.000000 0.000000 1.000000
0.967950 0.041004 -0.247774 -86.779816 -0.034200 0.998912 0.031706 99.352798 0.248804 -0.022215 0.968299 -5.550159 0.000000 0.000000 0.000000 1.000000
0.984531 0.040114 -0.170559 -86.709000 -0.038246 0.999167 0.014224 99.287209 0.170988 -0.007481 0.985245 -5.789912 0.000000 0.000000 0.000000 1.000000
0.994686 0.043972 -0.093095 -86.635399 -0.044946 0.998954 -0.008390 99.323151 0.092629 0.012530 0.995622 -5.867674 0.000000 0.000000 0.000000 1.000000
0.998311 0.055887 -0.015892 -86.540092 -0.056403 0.997825 -0.034110 99.379089 0.013951 0.034949 0.999292 -5.840142 0.000000 0.000000 0.000000 1.000000
0.994358 0.073116 0.076848 -86.474487 -0.068684 0.995903 -0.058811 99.379288 -0.080834 0.053201 0.995307 -5.787279 0.000000 0.000000 0.000000 1.000000
0.978487 0.090647 0.185328 -86.512413 -0.076695 0.993748 -0.081129 99.312874 -0.191523 0.065170 0.979322 -5.788346 0.000000 0.000000 0.000000 1.000000
0.950187 0.104700 0.293569 -86.681732 -0.078455 0.991907 -0.099824 99.226410 -0.301645 0.071819 0.950712 -5.845348 0.000000 0.000000 0.000000 1.000000
0.905288 0.109026 0.410568 -86.879768 -0.070064 0.991588 -0.108827 99.154503 -0.418980 0.069754 0.905312 -5.827038 0.000000 0.000000 0.000000 1.000000
0.833181 0.094572 0.544854 -86.942215 -0.049082 0.994026 -0.097480 99.088387 -0.550818 0.054475 0.832846 -5.565374 0.000000 0.000000 0.000000 1.000000
0.742266 0.058615 0.667537 -86.806686 -0.023907 0.997849 -0.061036 98.991608 -0.669679 0.029346 0.742071 -5.015910 0.000000 0.000000 0.000000 1.000000
0.659296 0.012243 0.751784 -86.559700 -0.004570 0.999914 -0.012276 98.882004 -0.751869 0.004658 0.659296 -4.317294 0.000000 0.000000 0.000000 1.000000
0.603350 -0.025230 0.797077 -86.363373 0.006301 0.999619 0.026872 98.808495 -0.797451 -0.011191 0.603280 -3.695168 0.000000 0.000000 0.000000 1.000000
0.582161 -0.041972 0.811990 -86.337364 0.011034 0.998983 0.043727 98.868698 -0.812999 -0.016496 0.582031 -3.266083 0.000000 0.000000 0.000000 1.000000
0.597044 -0.040855 0.801168 -86.429161 0.011419 0.999034 0.042436 99.048454 -0.802127 -0.016188 0.596933 -2.996062 0.000000 0.000000 0.000000 1.000000
